9 1 2 be
9 1 9 be
9 3 15 be
9 5 9 ki
9 8 15 ki
9 8 20 be
9 8 26 be
9 13 4 be
9 13 26 ki
9 14 5 be
9 14 20 ki
9 16 4 ki
9 18 2 ki
9 18 5 ki
9 19 25 be
9 20 35 be
9 21 11 be
9 21 25 ki
9 21 4 be
9 21 6 be
9 22 2 be
9 22 23 be
9 23 4 ki
9 24 28 be
9 24 35 ki
9 25 11 ki
9 25 23 ki
9 26 16 be
9 26 6 ki
9 26 9 be
9 27 35 be
9 28 9 ki
9 28 28 ki
9 29 16 ki
9 30 35 ki
9 31 37 be
9 34 2 ki
9 34 21 be
9 35 37 ki
9 36 21 ki
9 38 31 be
9 41 5 be
9 41 23 be
9 41 31 ki
9 42 4 be
9 42 15 be
9 43 12 be
9 44 16 be
9 44 15 ki
9 45 5 ki
9 45 4 ki
9 47 16 ki
9 47 6 be
9 48 12 ki
9 48 3 be
9 49 10 be
9 51 4 be
9 52 6 ki
9 53 3 ki
9 53 4 ki
9 53 20 be
9 53 27 be
9 55 20 ki
9 55 37 be
9 56 23 ki
9 57 38 be
9 57 39 be
9 59 2 be
9 59 11 be
9 59 31 be
10 0 25 be
10 0 35 be
10 0 39 ki
10 1 16 be
10 1 5 be
10 1 31 ki
10 2 38 ki
10 2 6 be
10 2 11 ki
10 2 35 ki
10 3 5 ki
10 3 21 be
10 5 12 be
10 5 16 ki
10 6 4 be
10 7 25 ki
10 8 12 ki
10 8 21 ki
10 8 9 be
10 9 4 ki
10 9 10 ki
10 9 27 ki
10 10 23 be
10 11 24 be
10 13 3 be
10 13 9 ki
10 13 15 be
10 13 24 ki
10 13 37 ki
10 14 25 be
10 15 2 ki
10 15 6 ki
10 15 15 ki
10 16 10 be
10 17 25 ki
10 18 3 ki
10 18 23 ki
10 19 10 ki
10 19 29 be
10 20 14 be
10 23 32 be
10 24 14 ki
10 24 15 be
10 24 29 ki
10 24 35 be
10 25 25 be
10 25 32 ki
10 27 23 be
10 28 25 ki
10 28 1 be
10 28 35 ki
10 29 15 ki
10 29 40 be
10 29 27 be
10 30 23 ki
10 31 7 be
10 32 1 ki
10 32 41 be
10 32 27 ki
10 34 40 ki
10 34 23 be
10 38 23 ki
10 39 16 be
10 39 20 be
10 40 25 be
10 40 14 be
10 40 35 be
10 41 24 be
10 42 21 be
10 43 1 be
10 43 24 ki
10 44 10 be
10 44 29 be
10 44 36 be
10 45 25 ki
10 45 14 ki
10 45 35 ki
10 47 1 ki
10 47 6 be
10 47 21 ki
10 47 29 ki
10 48 10 ki
10 48 15 be
10 48 4 be
10 49 7 ki
10 49 36 ki
10 50 1 be
10 50 39 be
10 50 30 be
10 51 41 ki
10 52 6 ki
10 52 15 ki
10 53 16 ki
10 53 4 ki
10 53 30 ki
10 54 20 ki
10 55 1 ki
10 56 27 be
10 57 29 be
10 58 21 be
10 58 27 ki
11 0 29 ki
11 0 39 ki
11 0 30 be
11 0 31 be
11 1 40 be
11 2 25 be
11 2 30 ki
11 2 31 ki
11 5 21 ki
11 7 25 ki
11 8 40 ki
11 9 1 be
11 10 21 be
11 10 25 be
11 10 36 be
11 11 1 ki
11 14 25 ki
11 15 1 be
11 15 37 be
11 17 36 ki
11 17 24 be
11 18 38 be
11 18 37 ki
11 19 1 ki
11 19 21 ki
11 19 24 ki
11 22 22 be
11 23 36 be
11 24 18 be
11 24 39 be
11 26 38 ki
11 27 25 be
11 27 22 ki
11 28 39 ki
11 28 32 be
11 30 32 ki
11 31 29 be
11 32 25 ki
11 32 10 be
11 34 30 be
11 35 16 be
11 35 25 be
11 35 37 be
11 36 30 ki
11 37 37 ki
11 38 26 be
11 39 16 ki
11 39 36 ki
11 41 18 ki
11 41 7 be
11 41 26 ki
11 42 31 be
11 45 7 ki
11 45 39 be
11 46 29 ki
11 46 36 be
11 46 31 ki
11 50 26 be
11 50 36 ki
11 51 29 be
11 51 24 be
11 51 27 be
11 52 6 be
11 52 10 ki
11 53 16 be
11 54 25 ki
11 54 26 ki
11 55 18 be
11 56 16 ki
11 57 38 be
11 57 6 ki
11 58 27 ki
11 58 3 be
12 0 6 be
12 1 1 be
12 1 7 be
12 1 29 ki
12 1 38 ki
12 3 1 ki
12 3 39 ki
12 3 3 ki
12 4 26 be
12 4 24 ki
12 5 36 be
12 6 7 ki
12 7 12 be
12 7 27 be
12 8 26 ki
12 8 3 be
12 10 18 ki
12 10 36 ki
12 10 41 be
12 11 3 ki
12 11 35 be
12 12 12 ki
12 13 1 be
12 13 7 be
12 13 23 be
12 15 37 be
12 15 41 ki
12 16 30 be
12 16 35 ki
12 17 1 ki
12 17 7 ki
12 17 16 be
12 17 23 ki
12 17 37 ki
12 19 27 ki
12 20 6 ki
12 20 25 be
12 20 30 ki
12 22 16 ki
12 22 10 be
12 22 11 be
12 22 31 be
12 24 30 be
12 25 1 be
12 25 11 ki
12 25 25 ki
12 25 28 be
12 26 38 be
12 26 31 ki
12 27 28 ki
12 28 30 ki
12 29 1 ki
12 29 38 ki
12 31 18 be
12 31 4 be
12 33 35 be
12 34 39 be
12 34 4 ki
12 35 23 be
12 36 35 ki
12 36 39 ki
12 37 41 be
12 38 23 ki
12 38 25 be
12 39 10 ki
12 41 25 ki
12 41 36 be
12 43 10 be
12 43 5 be
12 45 36 ki
12 47 11 be
12 47 39 be
12 49 38 be
12 49 39 ki
12 50 18 ki
12 50 10 ki
12 50 41 ki
12 50 20 be
12 51 7 be
12 51 26 be
12 52 6 be
12 53 7 ki
12 54 38 ki
12 54 6 ki
12 54 37 be
12 56 26 ki
12 56 29 be
12 56 40 be
12 58 29 ki
12 58 5 ki
12 58 37 ki
13 0 40 ki
13 1 3 be
13 1 20 ki
13 2 11 ki
13 2 38 be
13 2 9 be
13 4 3 ki
13 5 38 ki
13 5 35 be
13 6 23 be
13 7 9 ki
13 8 23 ki
13 8 35 ki
13 9 7 be
13 9 14 be
13 10 31 be
13 12 5 be
13 12 14 ki
13 13 38 be
13 13 2 be
13 14 9 be
13 16 9 ki
13 16 41 be
13 17 38 ki
13 17 37 be
13 18 2 ki
13 18 20 be
13 19 41 ki
13 20 7 ki
13 20 14 be
13 20 25 be
13 22 37 ki
13 23 14 ki
13 23 31 ki
13 24 36 be
13 25 1 be
13 25 25 ki
13 27 15 be
13 27 20 ki
13 28 5 ki
13 29 1 ki
13 29 36 ki
13 30 21 be
13 30 25 be
13 30 3 be
13 31 2 be
13 31 15 ki
13 31 24 be
13 32 10 be
13 32 25 ki
13 32 31 be
13 33 23 be
13 34 2 ki
13 35 28 be
13 35 3 ki
13 36 7 be
13 36 24 ki
13 37 21 ki
13 38 3 be
13 38 6 be
13 38 23 ki
13 39 10 ki
13 39 40 be
13 39 27 be
13 39 31 ki
13 41 3 ki
13 43 6 ki
13 43 27 ki
13 44 7 ki
13 44 40 ki
13 45 22 be
13 46 10 be
13 46 28 ki
13 47 22 ki
13 50 35 be
13 51 10 ki
13 52 25 be
13 52 35 ki
13 53 22 be
13 55 25 ki
13 56 35 be
13 57 41 be
13 58 14 be
13 58 22 ki
13 59 41 ki
14 0 32 be
14 1 35 ki
14 1 36 be
14 2 15 be
14 2 37 be
14 3 6 be
14 3 36 ki
14 5 6 ki
14 6 15 ki
14 7 40 be
14 8 37 ki
14 8 23 be
14 9 14 ki
14 9 24 be
14 10 38 be
14 10 32 ki
14 12 18 be
14 12 40 ki
14 12 21 be
14 12 36 be
14 12 24 ki
14 13 23 ki
14 14 21 ki
14 15 38 ki
14 16 18 ki
14 17 22 be
14 19 31 be
14 20 22 ki
14 21 36 ki
14 22 11 be
14 22 31 ki
14 23 25 be
14 23 9 be
14 23 27 be
14 24 36 be
14 24 23 be
14 25 25 ki
14 25 9 ki
14 25 27 ki
14 26 6 be
14 27 11 ki
14 28 7 be
14 28 36 ki
14 28 23 ki
14 28 35 be
14 30 28 be
14 31 40 be
14 31 24 be
14 32 28 ki
14 32 36 be
14 33 10 be
14 33 32 be
14 34 18 be
14 34 6 ki
14 35 40 ki
14 35 16 be
14 35 25 be
14 35 36 ki
14 36 18 ki
14 36 21 be
14 36 24 ki
14 37 7 ki
14 37 11 be
14 37 25 ki
14 38 16 ki
14 40 21 ki
14 40 28 be
14 40 36 be
14 41 1 be
14 42 2 be
14 42 11 ki
14 42 37 be
14 43 12 be
14 43 41 be
14 44 38 be
14 45 28 ki
14 45 36 ki
14 46 1 ki
14 47 2 ki
14 48 10 ki
14 48 12 ki
14 48 41 ki
14 49 38 ki
14 49 32 ki
14 51 1 be
14 52 7 be
14 52 36 be
14 54 7 ki
14 54 6 be
14 57 22 be
14 57 36 ki
14 58 11 be
14 58 24 be
14 59 6 ki
14 59 29 be
14 59 30 be
