0012010300004020
0240008000000700001800406430000800070002180600732600000030008601
0600340540000707040001200000002000300700620002600
034000000024005300400105601200000041
3001100000000020
0010040020000001
0000051020076074000000003005006400015006030030070
060002030604500000400056002000000403
050002000004004100103200200060041520
3010000002004000400000020
0230030000012040
0320000410000012
1000000300005000000205000
0603400140005302000600000100070500820000070000840004010005210608
0210003201002001
0100000030004001005030004
400327005015000320230108096000806000043010680000204000170602043084000260500943008
2300000007004250800060005000740200020100407020061023070000060500
000024300000010006020001000500005010
2000000003015000000010050
004000300200709008060504070005070200400305009007090500040902050800607002009000100
0400500000017000000567053000500706030000020300400
006000000506300640500030000300010000
0600000430000600701005000580007000015806000030006370840150400002
002030005004000021600000000300013500
1050000030000000000440050
0400500010004004000000003
020003060100000630005000103006000010
0000054000000010301000000
024070180810040027907802305000658000700000002000729000305207409170090058096080270
640000000603002450005006134200200100
3000000003145000000040000
1034030020000001
4003020020400000
0003060060001404005001070000302000003001050107003
0200002030402001
004102000600130000000060040000000210
0005040000010000000000002
024006060034500600601503203000000010
0400500400200500000000010
0800630065230010830407520100004040010000000205000000000770000008
0000162060000078001080060000720502580060000407000081005750200030
2100032000041000
004300600040205004000500010000030002
150306089400000002000428000905030806003109700206050301000213000700000003390607058
5030000001002000200000010
040300009007605000002400501103000002800004000200006980031700000090020005020000194
4200100001200003
0001400220040023
0402000008002074730081255000006000031002002100000005080140803000
0400000200000023
1004005200610005000060000042001700060407200700230
5000000050040000010000030
0010300003000004
0000200000014000020050000
610400000010051006000052002004400061
5001007102000000000410040700000260002005146700000
2500100002004000000004000
0040100002000003
0003030040000010
0081000000008200020701000006030074020000000050021040206068037040
0400300000140020
2000000300000410
0006000207100000470003000006002000547002300400300
4000004000030200
0000508010000002004520008160003402001400450008000004060030010050
4000000707365008000004001003080078000000000500720050002603000081
900000004004605900600941002060259070029178430001030200140307068000010000070802040
0340000040060000000150032700700120000005300120300
0501300000500714000004020003004000100300600000612
0040000030000200010030001
0000302000000050021010000
000005300060600003050000000150002400
1030000050500002000000005
723000159600302008800010002070654020004207300050931040500070003400103006932000714
2000000302000010
203500900590200006004600005009003750007068010001005000010000030840010009030090401
0406030000075015600000003004400030200075006040000
030204508004607002005030400021000040050932000060000300500470000600310750700000016
0200002000034000
3400000004500200000000200
0000520000000000000100030
200016300004000042060000005000043500
0003400001303020
000005061040100250206010040001000620
106000000003000500053020000260010000
0300050000010000040000050
4000001002400021
1005000400000000100000002
0200000005050003000000010
070409010000305000600812003067080940000546000143000568005000400830724059409000207
410000200060604100000300040010005004
0100600000030200310003050000700002400024560400030
3005000002002000000400000
0000003000200000000410000
4000000220140400
0031070000000001076000452000200400050000040200106
000000100504430000002000600010040000
