6 51 8 6 54 58
6 52 30 6 57 54
6 52 43 6 53 52
6 53 45 6 53 50
6 54 23 6 58 23
6 54 59 6 59 7
6 55 6 7 0 39
6 56 14 7 0 32
6 57 11 7 0 57
6 58 15 7 0 36
6 58 51 7 1 9
6 59 26 7 1 40
6 59 34 6 59 39
7 0 11 7 1 28
7 1 29 7 3 23
7 2 47 7 4 22
7 3 35 7 4 59
7 4 13 7 5 41
7 5 16 7 10 30
7 6 38 7 9 11
7 7 2 7 8 15
7 7 26 7 12 31
7 8 46 7 12 31
7 9 0 7 13 26
7 9 43 7 14 51
7 10 41 7 13 56
7 10 52 7 15 4
7 11 35 7 13 16
7 12 47 7 16 12
7 13 13 7 16 4
7 13 26 7 18 4
7 14 8 7 18 28
7 14 39 7 15 51
7 15 3 7 15 3
7 15 54 7 19 16
7 16 2 7 20 32
7 16 10 7 20 24
7 16 39 7 20 57
7 17 45 7 20 2
7 18 51 7 22 28
7 19 33 7 24 27
7 20 39 7 25 24
7 21 17 7 24 9
7 21 18 7 26 16
7 21 51 7 25 22
7 22 50 7 24 4
7 23 6 7 23 48
7 23 48 7 27 19
7 24 35 7 26 28
7 25 43 7 30 38
7 25 58 7 31 7
7 26 31 7 30 11
7 27 4 7 30 4
7 28 7 7 29 37
7 28 51 7 31 31
7 29 35 7 34 58
7 30 42 7 34 45
7 30 58 7 33 45
7 31 10 7 33 24
7 32 13 7 33 29
7 32 37 7 36 58
7 32 38 7 36 33
7 33 42 7 35 46
7 34 35 7 38 1
7 34 47 7 36 32
7 35 25 7 36 7
7 35 51 7 39 53
7 37 13 7 40 40
7 37 32 7 40 20
7 38 39 7 41 11
7 39 2 7 43 35
7 39 5 7 39 42
7 39 29 7 41 44
7 40 15 7 42 43
7 41 12 7 43 41
7 42 29 7 43 23
7 42 34 7 45 48
7 42 35 7 46 57
7 43 18 7 47 29
7 43 37 7 46 39
7 44 27 7 47 25
7 45 9 7 48 33
7 46 20 7 51 44
7 46 49 7 49 21
7 47 24 7 47 31
7 48 2 7 48 7
7 48 48 7 51 31
7 49 5 7 51 55
7 49 25 7 52 11
7 50 37 7 54 54
7 51 47 7 54 43
7 53 10 7 56 41
7 53 46 7 57 48
7 54 6 7 54 44
7 54 35 7 55 16
7 55 34 8 0 30
7 56 4 7 57 19
7 56 59 8 1 36
7 57 36 7 59 59
7 58 5 8 1 39
7 58 33 7 58 47
7 59 29 8 4 17
8 0 28 8 5 56
8 1 49 8 6 37
8 3 14 8 6 27
8 4 18 8 6 51
8 5 8 8 6 32
8 6 9 8 10 57
8 6 31 8 10 41
8 7 22 8 10 35
8 8 34 8 9 59
8 9 39 8 12 43
8 10 42 8 13 30
8 11 26 8 15 43
8 11 52 8 17 13
8 12 4 8 16 51
8 13 13 8 17 38
8 14 19 8 15 33
8 15 4 8 18 4
8 15 57 8 20 39
8 16 1 8 20 12
8 17 1 8 20 40
8 17 28 8 22 17
8 17 33 8 19 1
8 18 19 8 19 25
8 19 40 8 24 51
8 20 18 8 21 31
8 20 38 8 24 24
8 21 49 8 22 55
8 23 6 8 25 54
8 24 20 8 29 40
8 24 49 8 28 51
8 24 53 8 27 42
8 25 6 8 25 37
8 25 47 8 29 12
8 26 31 8 28 50
8 27 38 8 31 42
8 28 43 8 33 27
8 28 49 8 34 10
8 30 11 8 31 31
8 30 24 8 33 1
8 30 29 8 30 37
8 30 53 8 34 26
8 31 12 8 34 11
8 31 56 8 35 0
8 32 11 8 35 40
8 32 33 8 35 27
8 33 51 8 39 22
8 35 1 8 37 34
8 35 45 8 41 11
8 36 43 8 39 52
8 38 1 8 43 42
8 39 5 8 43 18
8 39 51 8 44 23
8 40 2 8 41 56
8 41 17 8 45 42
8 42 5 8 45 26
8 42 13 8 42 29
8 42 14 8 45 53
8 42 37 8 47 47
8 42 50 8 45 41
8 44 4 8 49 1
8 45 19 8 48 16
8 45 48 8 48 16
8 46 58 8 47 37
8 48 23 8 50 44
8 49 22 8 52 29
8 50 32 8 55 22
8 51 12 8 56 5
8 51 45 8 55 19
8 51 52 8 52 37
8 53 14 8 54 52
8 54 39 8 56 53
8 54 42 8 57 42
8 55 33 8 55 56
8 56 39 9 1 51
8 56 53 9 0 7
8 58 1 9 2 27
8 58 12 9 2 5
8 59 19 9 1 20
9 0 45 9 2 6
9 2 7 9 6 1
9 2 53 9 7 29
9 3 59 9 8 42
9 4 7 9 5 40
9 4 32 9 6 49
9 5 4 9 8 57
9 5 53 9 8 27
9 6 22 9 8 49
9 6 26 9 10 4
9 6 46 9 10 10
9 6 55 9 10 5
9 8 7 9 11 25
9 8 20 9 10 59
9 9 4 9 13 12
9 9 27 9 12 43
9 9 43 9 9 49
9 10 42 9 13 38
9 11 43 9 12 27
9 12 43 9 14 44
9 15 26 9 19 11
9 15 36 9 17 30
9 15 45 9 19 7
9 16 22 9 19 1
9 17 31 9 17 51
9 18 17 9 20 39
9 18 25 9 20 39
9 18 45 9 23 31
9 19 49 9 24 48
9 20 2 9 23 50
9 20 58 9 22 22
9 21 45 9 21 45
9 22 44 9 23 33
9 23 59 9 26 28
9 24 0 9 28 6
9 24 4 9 28 2
9 24 45 9 26 32
9 25 53 9 28 43
9 25 53 9 27 51
9 26 37 9 29 24
9 27 36 9 27 55
9 27 36 9 29 19
9 28 24 9 28 53
9 28 46 9 33 14
9 29 43 9 34 13
9 30 9 9 31 14
9 31 30 9 35 55
9 32 2 9 32 8
9 33 8 9 35 6
9 33 24 9 33 45
9 34 2 9 34 3
9 34 13 9 38 50
9 35 31 9 37 10
9 35 55 9 39 28
9 36 8 9 39 44
9 36 44 9 37 54
9 37 44 9 41 36
9 39 5 9 41 52
9 39 51 9 43 46
9 40 54 9 42 45
9 40 56 9 43 1
9 43 56 9 48 8
9 44 36 9 48 47
9 45 52 9 49 46
9 46 56 9 47 44
9 47 53 9 49 32
9 48 45 9 50 1
9 49 12 9 54 9
9 50 35 9 52 9
9 51 40 9 55 39
9 52 46 9 55 11
9 54 8 9 55 11
9 55 30 9 58 1
9 56 5 10 0 22
9 57 25 10 1 15
9 58 22 9 59 20
9 59 8 10 4 22
9 59 24 10 2 52
9 59 41 10 3 10
9 59 55 10 3 59
10 0 37 10 1 56
10 1 40 10 6 41
10 1 44 10 2 49
10 2 24 10 5 38
10 2 56 10 4 17
10 3 1 10 4 43
10 3 44 10 6 20
10 4 59 10 9 30
10 5 35 10 6 6
10 6 26 10 6 54
10 7 50 10 10 48
10 8 46 10 13 37
10 9 0 10 11 43
10 9 52 10 13 3
10 11 1 10 13 24
10 11 10 10 11 41
10 11 53 10 16 18
10 12 14 10 14 48
10 13 23 10 13 58
10 14 28 10 19 2
10 15 27 10 20 10
10 16 33 10 21 18
10 16 36 10 19 24
10 17 36 10 22 37
10 18 58 10 19 21
10 20 5 10 25 45
10 20 39 10 24 24
10 21 9 10 22 48
10 21 39 10 24 51
10 23 5 10 25 47
10 23 7 10 26 55
10 24 11 10 26 50
10 24 14 10 28 45
10 24 28 10 26 38
10 24 29 10 27 57
10 24 55 10 27 5
10 25 19 10 25 33
10 25 48 10 28 43
10 26 42 10 27 53
10 26 52 10 30 20
10 27 16 10 30 2
10 28 43 10 31 25
10 28 46 10 31 11
10 30 6 10 35 31
10 30 43 10 31 35
10 32 7 10 33 0
10 33 8 10 34 43
10 33 49 10 38 18
10 34 54 10 40 0
10 36 7 10 38 40
10 37 31 10 37 42
10 38 41 10 40 28
10 38 45 10 39 2
10 40 1 10 42 59
10 40 47 10 45 6
10 41 13 10 41 46
10 42 19 10 45 50
10 42 23 10 46 17
10 43 29 10 45 29
10 43 42 10 48 0
10 44 5 10 48 7
10 45 10 10 47 59
10 46 23 10 49 4
10 46 46 10 51 12
10 46 48 10 47 12
10 47 5 10 51 44
10 48 19 10 52 15
10 49 5 10 49 50
10 49 32 10 54 0
10 49 42 10 53 4
10 49 53 10 50 32
10 50 30 10 53 9
10 51 9 10 52 40
10 52 31 10 54 53
10 53 29 10 56 1
10 53 34 10 56 4
10 54 4 10 59 34
10 54 10 10 54 33
10 54 51 10 57 10
10 55 31 10 59 24
10 56 43 11 1 46
10 57 26 11 2 44
10 57 34 11 1 18
10 58 46 11 0 46
10 59 22 11 1 35
11 0 30 11 3 17
11 0 52 11 5 29
11 1 12 11 4 18
11 1 35 11 3 1
11 2 44 11 5 40
11 3 28 11 3 57
11 4 19 11 8 54
11 5 12 11 6 48
11 6 25 11 9 50
11 7 24 11 12 25
11 7 31 11 10 17
11 8 33 11 10 34
11 9 58 11 10 35
11 10 52 11 14 29
11 12 4 11 15 15
11 13 22 11 15 52
11 13 54 11 18 59
11 14 41 11 17 50
11 14 58 11 17 46
11 15 36 11 18 36
11 16 22 11 16 42
11 17 17 11 19 37
11 17 47 11 20 27
11 18 38 11 18 59
11 19 9 11 19 57
11 19 27 11 20 2
11 19 42 11 24 19
11 20 10 11 24 2
11 20 13 11 24 48
11 21 11 11 24 20
11 21 49 11 25 14
11 22 58 11 26 52
11 24 7 11 29 18
11 25 0 11 28 55
11 25 34 11 30 6
11 26 41 11 29 21
11 27 31 11 29 10
11 28 19 11 32 32
11 28 48 11 33 36
11 30 3 11 32 33
11 31 5 11 36 4
11 31 33 11 34 15
11 32 7 11 34 32
11 32 48 11 37 5
11 34 14 11 34 44
11 35 12 11 38 57
11 35 17 11 38 5
11 36 10 11 41 13
11 36 21 11 40 59
11 36 27 11 39 54
11 37 22 11 39 18
11 37 29 11 40 23
11 37 41 11 40 2
11 37 57 11 38 7
11 37 57 11 40 49
11 38 23 11 40 44
11 39 49 11 43 50
11 40 32 11 41 6
11 41 18 11 44 0
11 42 11 11 42 49
11 42 23 11 45 48
11 42 31 11 47 27
11 43 55 11 46 27
11 44 38 11 47 51
11 45 11 11 48 54
11 46 22 11 48 50
11 47 48 11 51 36
11 48 50 11 52 18
11 49 13 11 52 11
11 50 24 11 53 12
11 50 36 11 53 34
11 50 36 11 54 26
11 50 46 11 52 22
11 51 14 11 55 25
11 51 58 11 55 37
11 52 48 11 57 10
11 52 50 11 57 43
11 53 14 11 58 37
11 53 48 11 54 49
11 54 50 12 0 22
11 55 47 11 56 14
11 56 18 11 57 48
11 57 30 12 2 29
11 57 52 12 1 36
11 57 54 12 1 34
11 58 52 11 59 54
11 59 25 12 3 46
11 59 53 12 2 36
12 1 4 12 3 50
12 1 42 12 6 43
12 2 33 12 5 33
12 3 13 12 3 58
12 4 7 12 6 41
12 5 13 12 5 16
12 5 26 12 5 48
12 6 44 12 7 29
12 7 21 12 9 39
12 7 27 12 8 38
12 8 27 12 10 29
12 8 52 12 13 50
12 9 28 12 11 26
12 10 29 12 14 36
12 11 2 12 16 3
12 26 30 12 31 0
12 27 18 12 27 38
12 54 51 12 55 35
13 10 26 13 12 32
13 42 31 13 43 1
15 2 23 15 6 28
15 53 14 15 55 12
17 5 53 17 8 44
18 17 31 18 17 56
18 32 11 18 34 15
