2018.03.06. 11 3 0
2018.03.06. 5 5 0
2018.03.06. 2 1 0
2018.03.06. 11 0 3
2018.03.06. 9 2 0
2018.03.06. 3 0 1
2018.03.06. 6 4 0
2018.03.06. 4 5 0
2018.03.06. 7 4 0
2018.03.06. 7 0 4
2018.03.06. 5 0 5
2018.03.06. 9 0 2
2018.03.06. 2 0 1
2018.03.07. 5 5 0
2018.03.07. 9 2 0
2018.03.07. 6 0 4
2018.03.07. 12 0 3
2018.03.07. 4 5 0
2018.03.07. 2 0 3
2018.03.07. 6 0 5
2018.03.07. 11 4 0
2018.03.07. 7 0 4
2018.03.07. 2 0 3
2018.03.07. 9 0 2
2018.03.07. 5 0 5
2018.03.07. 11 0 4
2018.03.07. 4 5 0
2018.03.07. 7 4 0
2018.03.07. 7 0 4
2018.03.07. 6 4 0
2018.03.08. 11 3 0
2018.03.08. 5 5 0
2018.03.08. 11 0 3
2018.03.08. 6 4 0
2018.03.08. 12 0 3
2018.03.08. 9 2 0
2018.03.08. 3 0 1
2018.03.08. 6 0 4
2018.03.08. 7 4 0
2018.03.08. 9 0 2
2018.03.08. 6 4 0
2018.03.08. 6 0 4
2018.03.08. 5 0 5
2018.03.09. 11 3 0
2018.03.09. 5 5 0
2018.03.09. 12 0 3
2018.03.09. 6 4 0
2018.03.09. 6 0 4
2018.03.09. 4 5 0
2018.03.09. 7 4 0
2018.03.09. 7 0 4
2018.03.09. 6 4 0
2018.03.09. 9 0 2
2018.03.09. 5 0 5
2018.03.09. 6 0 4
2018.03.09. 4 5 0
2018.03.09. 7 4 0
2018.03.09. 7 0 4
2018.03.09. 6 4 0
2018.03.10. 5 5 0
2018.03.10. 12 0 3
2018.03.10. 2 1 0
2018.03.10. 11 3 0
2018.03.10. 2 0 1
2018.03.10. 9 2 0
2018.03.10. 11 0 3
2018.03.10. 5 0 5
2018.03.10. 7 0 4
2018.03.10. 2 0 3
2018.03.10. 9 0 2
2018.03.10. 6 0 3
2018.03.11. 11 3 0
2018.03.11. 6 0 4
2018.03.11. 5 5 0
2018.03.11. 6 4 0
2018.03.11. 4 5 0
2018.03.11. 3 0 1
2018.03.11. 7 4 0
2018.03.11. 9 0 2
2018.03.11. 6 0 4
2018.03.12. 12 0 3
2018.03.12. 2 1 0
2018.03.12. 11 3 0
2018.03.12. 5 0 5
2018.03.12. 4 5 0
2018.03.12. 11 0 3
2018.03.12. 2 0 1
2018.03.12. 6 4 0
2018.03.12. 7 4 0
2018.03.12. 9 0 2
2018.03.13. 11 3 0
2018.03.13. 5 5 0
2018.03.13. 4 5 0
2018.03.13. 2 0 3
2018.03.13. 2 3 0
2018.03.13. 3 0 1
2018.03.13. 2 0 1
2018.03.13. 12 0 3
2018.03.13. 5 0 5
2018.03.13. 6 0 2
2018.03.13. 7 0 4
2018.03.14. 11 3 0
2018.03.14. 6 4 0
2018.03.14. 5 5 0
2018.03.14. 12 0 3
2018.03.14. 9 2 0
2018.03.14. 4 5 0
2018.03.14. 7 4 0
2018.03.14. 6 0 4
2018.03.14. 7 0 4
2018.03.14. 9 0 2
2018.03.14. 7 0 4
2018.03.15. 11 3 0
2018.03.15. 5 5 0
2018.03.15. 11 3 0
2018.03.15. 12 0 3
2018.03.15. 9 2 0
2018.03.15. 4 5 0
2018.03.15. 11 0 3
2018.03.15. 2 0 1
2018.03.15. 7 4 0
2018.03.15. 2 3 0
2018.03.15. 4 0 5
2018.03.16. 9 2 0
2018.03.16. 5 5 0
2018.03.16. 11 3 0
2018.03.16. 12 0 3
2018.03.16. 11 0 3
2018.03.16. 2 3 0
2018.03.16. 7 4 0
2018.03.16. 9 0 2
2018.03.16. 2 1 0
2018.03.16. 5 0 5
2018.03.16. 7 0 4
2018.03.17. 11 3 0
2018.03.17. 5 5 0
2018.03.17. 12 0 3
2018.03.17. 11 0 3
2018.03.17. 3 0 1
2018.03.17. 4 5 0
2018.03.17. 2 0 3
2018.03.17. 5 0 5
2018.03.17. 6 0 1
2018.03.17. 6 1 2
2018.03.17. 9 0 2
2018.03.17. 6 2 3
2018.03.17. 5 5 1
2018.03.17. 6 3 4
2018.03.17. 6 4 5
2018.03.18. 11 3 0
2018.03.18. 5 5 0
2018.03.18. 11 0 3
2018.03.18. 9 2 0
2018.03.18. 6 4 0
2018.03.18. 7 4 0
2018.03.18. 2 0 3
2018.03.18. 4 5 0
2018.03.18. 2 0 3
2018.03.18. 12 3 0
2018.03.18. 7 0 4
2018.03.18. 6 0 4
2018.03.18. 12 3 0
2018.03.19. 12 0 3
2018.03.19. 11 3 0
2018.03.19. 2 1 0
2018.03.19. 9 2 0
2018.03.19. 11 0 3
2018.03.19. 3 0 1
2018.03.19. 2 0 1
2018.03.19. 7 4 0
2018.03.19. 2 3 0
2018.03.19. 2 0 1
2018.03.19. 5 5 0
2018.03.19. 7 0 4
2018.03.19. 3 0 1