0
0
0
0
0
0
2
2
2
2
4
4
3
2
2
3
3
4
4
3
2
2
0
0
0
2
2
2
0
0
0
0
0
0
2
1
3
1
1
1
1
3
3
3
4
2
4
4
4
3
3
3
1
0
1
0
0
0
0
1
1
0
1
1
2
1
0
2
3
3
3
3
5
5
6
5
6
7
8
8
7
9
9
9
8
8
8
9
8
8
8
6
5
5
5
4
2
4
3
4
5
7
7
8
9
9
8
6
4
6
8
8
9
11
9
9
11
10
9
9
8
8
6
6
6
5
4
4
3
4
5
3
2
2
4
6
6
6
6
6
4
6
4
6
8
10
8
10
11
13
13
12
14
14
16
17
19
18
18
19
17
19
19
17
18
18
17
19
18
18
19
18
16
16
14
14
13
13
12
14
16
16
15
15
14
16
18
18
17
16
15
17
15
13
15
15
16
14
12
13
12
11
11
9
8
8
8
8
8
8
10
10
10
8
8
7
5
5
3
4
5
7
5
4
6
4
4
3
5
7
8
8
8
10
10
9
7
7
8
7
5
5
6
6
4
5
7
7
9
8
8
8
8
7
5
5
5
4
2
2
3
3
3
4
4
5
4
3
1
3
2
0
1
3
2
3
3
3
3
4
5
6
6
4
2
2
2
0
0
0
0
0
2
2
4
6
4
6
5
7
6
5
3
4
2
4
6
8
7
8
7
9
10
11
9
11
12
11
9
9
10
8
10
10
10
9
8
7
7
7
7
6
4
3
3
4
2
2
4
4
2
2
1
3
2
2
3
4
4
4
4
4
2
3
1
0
0
0
1
1
2
0
0
0
0
0
0
0
0
0
0
0
0
0
0
2
3
3
1
1
2
2
2
1
1
0
0
0
0
1
1
1
0
0
0
0
0
0
1
0
1
0
2
2
2
0
1
0
2
2
4
4
2
1
0
1
2
1
2
1
3
1
0
0
0
1
1
3
4
5
3
3
4
5
7
8
10
10
8
10
10
11
11
11
9
8
10
9
7
9
11
12
12
12
12
10
9
9
11
12
12
14
12
13
15
17
17
17
16
16
15
17
19
19
19
19
20
18
19
19
21
22
22
23
23
25
25
27
26
24
26
26
25
23
21
21
19
19
21
21
22
22
21
20
20
22
23
21
22
22
21
22
20
19
19
18
16
14
14
15
13
13
13
11
13
14
13
12
12
14
16
14
14
12
11
11
13
11
9
7
5
6
6
7
7
7
7
6
7
8
6
6
6
8
6
8
7
9
9
7
5
7
7
5
7
6
6
5
5
5
7
7
7
8
8
8
9
11
9
8
9
7
8
9
10
8
8
9
7
6
6
7
8
9
9
9
10
9
8
6
5
5
4
3
2
4
5
4
4
6
8
8
6
6
8
7
9
7
5
5
6
7
8
8
8
6
4
6
4
4
3
1
0
1
1
1
1
3
5
7
7
5
7
8
6
6
4
2
1
0
0
2
2
2
2
3
5
5
5
3
3
5
3
3
5
7
5
3
1
1
3
3
4
3
2
2
2
2
1
1
1
0
1
1
3
2
2
2
4
2
1
0
0
0
