113 172 71
31 6 12
3 85 97
25 6 35
4 106 165
12 106 115
9 57 79
40 0 62
7 115 156
13 0 73
7 12 50
11 6 41
30 0 68
8 68 165
36 85 156
31 62 92
22 0 50
23 73 156
43 79 115
45 12 124
9 12 21
29 124 165
15 0 68
44 68 97
26 50 131
42 124 150
20 41 150
18 92 97
2 0 21
4 165 172
27 79 106
9 79 115
43 0 68
4 0 106
38 115 136
26 21 35
34 6 21
27 0 68
6 115 124
26 12 21
19 50 136
10 6 68
1 0 92
38 35 106
30 73 165
23 0 62
7 50 115
44 12 62
22 57 156
38 143 156
7 165 172
21 79 85
45 124 156
39 57 131
37 0 79
26 0 6
29 97 106
36 6 85
2 21 79
10 79 156
3 0 62
18 0 92
35 0 50
6 12 97
28 6 79
9 35 50
18 97 131
16 0 172
34 35 150
33 68 156
35 50 131
14 0 172
19 6 35
32 12 124
11 57 79
11 85 131
13 150 165
17 97 136
13 85 150
40 73 106
15 68 172
8 0 29
47 0 68
20 0 41
9 0 12
42 0 106
38 6 29
27 115 131
46 6 21
39 0 50
41 6 62
33 0 68
25 41 115
3 68 85
37 85 136
5 0 172
8 29 57
24 0 73
28 85 156
12 115 172
46 21 41
48 21 131
12 29 92
29 62 97
17 6 97
12 0 12
48 0 6
17 143 150
1 106 156
21 6 68
31 92 97
46 57 156
31 29 57
29 0 50
