TLJ-509	6	4	95
TLJ-509	6	14	88
AVY-894	6	15	98
ANF-997	6	17	86
ZVJ-638	6	20	119
AVY-894	6	23	105
ANF-997	6	26	88
DZW-809	6	26	99
QIW-685	6	26	102
TLJ-509	6	30	80
DZW-809	6	31	88
TLJ-509	6	32	87
ZVJ-638	6	33	119
GBT-583	6	35	75
GBT-583	6	36	72
QIW-685	6	37	89
ZVJ-638	6	39	114
GBT-583	6	41	65
VEP-987	6	41	107
AVY-894	6	42	114
GBT-583	6	42	72
ANF-997	6	43	86
DZW-809	6	43	76
VEP-987	6	43	107
XQE-678	6	48	122
TLJ-509	6	51	94
WBJ-706	6	51	105
ZVJ-638	6	52	122
QIW-685	6	53	101
DZW-809	6	54	85
GBT-583	6	54	72
TLJ-509	6	54	86
AVY-894	6	55	118
XBG-246	6	56	118
QIW-685	6	57	92
REY-831	6	57	84
AHR-856	7	0	98
XBG-246	7	0	109
ANF-997	7	1	73
VEP-987	7	1	107
GBT-583	7	3	68
AVY-894	7	4	128
CRZ-211	7	4	112
WBJ-706	7	4	101
ANF-997	7	5	77
AVY-894	7	5	122
DZW-809	7	5	94
TLJ-509	7	7	87
XQE-678	7	8	134
CAN-252	7	9	86
QIW-685	7	9	93
QIW-685	7	10	92
ZVJ-638	7	12	109
REY-831	7	13	79
GBT-583	7	14	73
VEP-987	7	15	110
WBJ-706	7	16	93
DZW-809	7	17	84
CAN-252	7	18	85
AHR-856	7	19	101
QIW-685	7	19	96
TLJ-509	7	19	92
XBG-246	7	20	121
ANF-997	7	21	70
IXU-478	7	21	78
REY-831	7	21	66
ZVJ-638	7	21	115
CAN-252	7	22	84
AVY-894	7	23	123
CRZ-211	7	23	119
VEP-987	7	23	116
XQE-678	7	23	145
ZVJ-638	7	23	126
CRZ-211	7	24	109
DZW-809	7	24	81
LAB-103	7	25	122
XBG-246	7	25	116
SMI-792	7	26	107
NRH-967	7	27	80
PAL-958	7	27	117
LAB-103	7	28	130
TLJ-509	7	30	102
TLJ-509	7	31	99
ZVJ-638	7	31	133
AHR-856	7	32	109
VEP-987	7	32	124
WBJ-706	7	32	95
AVY-894	7	33	123
CAN-252	7	33	72
QIW-685	7	33	93
ANF-997	7	34	75
GBT-583	7	34	68
XBG-246	7	34	117
AHR-856	7	36	106
DZW-809	7	37	73
SMI-792	7	37	94
VJV-253	7	37	98
IXU-478	7	38	68
LAB-103	7	38	130
PAL-958	7	38	121
CAN-252	7	39	73
NRH-967	7	40	73
QIW-685	7	40	91
REY-831	7	40	72
VEP-987	7	40	116
CRZ-211	7	41	100
QIW-685	7	41	89
XJU-790	7	42	89
AHR-856	7	43	100
XQE-678	7	43	154
LAB-103	7	44	136
PAL-958	7	44	127
XBG-246	7	44	125
XJU-790	7	44	99
PAL-958	7	45	124
WBJ-706	7	45	101
ANF-997	7	46	86
WBJ-706	7	48	105
GBT-583	7	49	79
SMI-792	7	49	105
EVJ-817	7	50	107
IXU-478	7	50	74
XJU-790	7	50	98
REY-831	7	51	69
XBG-246	7	51	117
XQE-678	7	51	147
YTG-756	7	51	125
ANF-997	7	52	86
CAN-252	7	53	84
DZW-809	7	53	68
LAB-103	7	54	127
VEP-987	7	54	114
QHR-146	7	55	115
VJV-253	7	55	88
XBG-246	7	55	127
NRH-967	7	56	75
PAL-958	7	56	135
AHR-856	7	57	100
QIW-685	7	57	87
XJU-790	7	57	90
YNG-677	7	57	95
EVJ-817	7	58	109
LAB-103	7	58	120
AHR-856	7	59	110
IGA-812	8	0	81
ANF-997	8	0	84
QIW-685	8	0	76
CRZ-211	8	1	98
WBJ-706	8	1	115
XJU-790	8	1	79
GBT-583	8	2	89
LBZ-642	8	2	106
XBG-246	8	2	136
AHR-856	8	3	110
ANF-997	8	3	87
XOU-513	8	3	91
CRZ-211	8	4	106
GBT-583	8	4	79
PWH-148	8	4	105
SMI-792	8	4	116
VJV-253	8	5	93
PWH-148	8	6	100
REY-831	8	6	76
CRZ-211	8	7	108
LBZ-642	8	7	99
PAL-958	8	7	143
REY-831	8	8	77
WBJ-706	8	8	112
WBJ-706	8	9	110
YTG-756	8	9	116
CAN-252	8	10	74
DZW-809	8	10	65
IXU-478	8	10	85
PAL-958	8	10	154
EVJ-817	8	11	109
LBZ-642	8	11	98
REY-831	8	11	65
GBT-583	8	12	71
NRH-967	8	12	80
XJU-790	8	13	67
AHR-856	8	15	109
CRZ-211	8	15	108
LAB-103	8	15	110
QHR-146	8	15	111
XJU-790	8	16	72
XOU-513	8	16	87
IXU-478	8	17	94
XOU-513	8	17	81
YNG-677	8	17	82
IGA-812	8	18	70
PWH-148	8	18	96
IGA-812	8	19	75
IXU-478	8	19	99
CAN-252	8	21	69
XJU-790	8	21	83
SMI-792	8	22	103
CAN-252	8	23	64
CRZ-211	8	23	120
EVJ-817	8	23	97
LAB-103	8	23	119
SMI-792	8	23	114
VJV-253	8	23	89
YTG-756	8	23	118
XOU-513	8	24	88
QHR-146	8	25	106
YNG-677	8	25	70
AHR-856	8	26	116
PAL-958	8	26	147
VJV-253	8	26	99
IGA-812	8	27	66
XJU-790	8	27	94
IXU-478	8	29	88
NRH-967	8	30	81
XOU-513	8	30	94
LBZ-642	8	31	98
QHR-146	8	31	95
REY-831	8	31	61
SMI-792	8	31	102
GBT-583	8	32	65
PAL-958	8	32	143
PWH-148	8	32	100
SMI-792	8	32	101
YNG-677	8	32	69
PAL-958	8	33	150
XOU-513	8	33	98
QHR-146	8	34	103
XOU-513	8	34	102
YNG-677	8	34	69
XOU-513	8	35	110
YYS-439	8	36	111
LAB-103	8	37	124
REY-831	8	37	63
PWH-148	8	38	102
YTG-756	8	39	118
EVJ-817	8	40	92
XOU-513	8	40	118
YNG-677	8	41	79
CAN-252	8	42	65
VJV-253	8	42	98
NRH-967	8	44	71
IGA-812	8	45	71
QHR-146	8	45	98
YNG-677	8	45	76
LBZ-642	8	46	104
XJU-790	8	47	106
IXU-478	8	48	75
IGA-812	8	49	62
REY-831	8	49	68
SMI-792	8	49	111
XOU-513	8	49	126
VJV-253	8	52	87
IXU-478	8	53	73
EVJ-817	8	54	87
NRH-967	8	54	68
YTG-756	8	54	106
YYS-439	8	55	118
EVJ-817	8	56	81
YNG-677	8	56	63
YYS-439	8	56	105
CAN-252	8	57	63
PWH-148	8	57	102
EGM-432	8	58	113
XJU-790	8	58	115
YYS-439	8	58	114
XOU-513	9	1	114
NRH-967	9	2	69
YNG-677	9	2	71
BSD-809	9	3	85
LBZ-642	9	3	102
NRH-967	9	3	65
VJV-253	9	3	85
QHR-146	9	4	89
LBZ-642	9	5	98
IXU-478	9	6	83
LBZ-642	9	6	109
NRH-967	9	6	75
IGA-812	9	7	67
IPF-342	9	7	102
LBZ-642	9	7	98
BSD-809	9	9	86
PWH-148	9	10	107
IGA-812	9	11	61
EVJ-817	9	12	68
NRH-967	9	12	69
QHR-146	9	12	78
NRH-967	9	13	81
EVJ-817	9	14	77
EGM-432	9	16	102
XOU-513	9	16	110
YNG-677	9	16	79
YYS-439	9	16	109
BSD-809	9	17	93
EVJ-817	9	18	81
PWH-148	9	18	94
IPF-342	9	19	114
ULO-196	9	19	79
QHR-146	9	20	70
NRH-967	9	21	91
ULO-196	9	22	87
ULO-196	9	23	74
IPF-342	9	24	124
LBZ-642	9	25	94
LBZ-642	9	27	90
YNG-677	9	27	84
IPF-342	9	28	125
ULO-196	9	28	67
IGA-812	9	29	65
PWH-148	9	30	97
EGM-432	9	31	107
IGA-812	9	31	62
PWH-148	9	31	109
RWA-135	9	31	124
IGA-812	9	32	68
BSD-809	9	33	100
MLZ-472	9	33	120
YNG-677	9	33	84
YYS-439	9	34	117
BSD-809	9	35	98
VPM-742	9	35	109
VPM-742	9	38	112
YWB-474	9	38	87
YYS-439	9	39	122
EGM-432	9	40	104
VPM-742	9	44	117
IPF-342	9	47	122
ULO-196	9	47	68
IGA-812	9	49	62
RWA-135	9	49	128
BSD-809	9	50	97
ULO-196	9	50	61
YWB-474	9	51	80
RWA-135	9	52	129
MLZ-472	9	53	115
EGM-432	9	54	106
EGM-432	9	56	94
FOD-954	9	56	93
KJF-939	9	57	75
JYY-568	9	58	88
MLZ-472	9	58	121
VPM-742	9	58	111
YWI-396	9	58	109
KJF-939	10	0	70
JYY-568	10	1	89
RDX-643	10	1	84
SXM-299	10	2	112
SXM-299	10	4	112
BSD-809	10	5	95
EGM-432	10	5	102
FOD-954	10	6	87
EGM-432	10	7	113
IPF-342	10	7	122
IGA-812	10	8	70
RWA-135	10	8	137
KJF-939	10	9	63
VPM-742	10	9	117
FOD-954	10	10	76
ULO-196	10	10	72
YWB-474	10	11	92
YWI-396	10	11	111
BSD-809	10	12	100
IGA-812	10	12	76
JYY-568	10	13	90
KJF-939	10	13	71
MGI-382	10	13	79
MLZ-472	10	13	119
RWA-135	10	13	130
MGI-382	10	14	85
RDX-643	10	14	75
EGM-432	10	16	122
FOD-954	10	16	76
YWB-474	10	18	83
VPM-742	10	20	125
YWI-396	10	20	104
KJF-939	10	21	64
YWI-396	10	21	98
IPF-342	10	22	123
RWA-135	10	22	135
ULO-196	10	22	65
BSD-809	10	24	100
SXM-299	10	24	104
VOW-763	10	24	90
RDX-643	10	25	67
ULO-196	10	25	69
FOD-954	10	26	68
RWA-135	10	26	145
ULO-196	10	26	67
ANT-170	10	27	100
YWI-396	10	27	105
JYY-568	10	28	100
MMS-949	10	28	95
LBB-313	10	29	101
MGI-382	10	30	74
VPM-742	10	30	132
MLZ-472	10	31	120
YWB-474	10	32	76
ULO-196	10	33	67
VOW-763	10	33	97
LBB-313	10	34	95
SXM-299	10	35	91
MMS-949	10	37	103
KJF-939	10	39	68
JYY-568	10	40	102
KJF-939	10	40	64
RDX-643	10	41	72
ANT-170	10	42	92
VPM-742	10	42	142
ULO-196	10	44	79
ANT-170	10	45	91
MGI-382	10	45	80
SXM-299	10	45	102
BVX-430	10	46	120
FOD-954	10	46	69
SXM-299	10	46	90
YWB-474	10	46	82
LBB-313	10	47	90
SXM-299	10	47	84
VOW-763	10	47	88
YWI-396	10	47	111
BVX-430	10	49	110
DNK-752	10	49	103
ULO-196	10	51	80
RQA-219	10	52	110
JYY-568	10	53	107
RDX-643	10	53	69
ULO-196	10	53	83
AJY-424	10	54	113
KJF-939	10	54	63
KJF-939	10	55	62
MGI-382	10	55	70
MMS-949	10	55	110
PJH-404	10	56	124
RDX-643	10	56	81
KJF-939	10	57	63
LBB-313	10	57	78
YWB-474	10	57	76
FOD-954	10	58	71
VVJ-776	10	59	110
MGI-382	11	0	64
YWB-474	11	0	67
MMS-949	11	1	121
ODZ-391	11	1	97
YWI-396	11	1	119
KJF-939	11	2	70
PJH-404	11	3	114
ANT-170	11	4	92
SXM-299	11	4	80
DNK-752	11	5	109
RDX-643	11	6	87
VVJ-776	11	6	121
JYY-568	11	7	100
LBB-313	11	7	73
RQA-219	11	7	114
VOW-763	11	7	91
BVX-430	11	9	103
VOW-763	11	9	89
ULO-196	11	10	93
KJF-939	11	11	67
REB-528	11	11	104
BVX-430	11	12	100
DNK-752	11	12	119
MGI-382	11	12	66
SXM-299	11	12	86
YWI-396	11	12	115
ODZ-391	11	13	103
ULO-196	11	13	85
AJY-424	11	14	111
GDG-841	11	14	82
RQA-219	11	14	110
VVJ-776	11	17	127
ANT-170	11	18	79
FOD-954	11	18	72
MMS-949	11	18	130
SXM-299	11	18	97
ANT-170	11	19	74
EBD-866	11	19	93
RDX-643	11	19	75
YWB-474	11	19	68
GDG-841	11	20	87
ODZ-391	11	21	115
PJH-404	11	21	106
RQA-219	11	21	110
VVJ-776	11	21	138
XDU-199	11	22	102
SXM-299	11	23	86
ULO-196	11	23	87
EBD-866	11	24	93
IGI-697	11	24	104
MGI-382	11	25	67
RDX-643	11	25	66
YBE-878	11	25	122
YNT-992	11	25	79
LBB-313	11	26	74
MMS-949	11	26	124
ANT-170	11	27	84
BVX-430	11	27	102
FOD-954	11	27	77
JBC-453	11	27	110
JYY-568	11	27	108
KJF-939	11	27	73
DNK-752	11	28	109
RDX-643	11	28	64
AJY-424	11	29	110
FOD-954	11	29	75
LBB-313	11	29	84
VOW-763	11	29	88
VVJ-776	11	29	150
WUZ-748	11	30	93
BVX-430	11	31	94
EBD-866	11	31	102
GDG-841	11	31	97
ODZ-391	11	31	123
REB-528	11	31	106
IGI-697	11	32	96
YWB-474	11	32	62
ANT-170	11	33	86
DNK-752	11	33	119
YOG-608	11	33	76
FOD-954	11	34	83
MGI-382	11	34	63
MMS-949	11	34	125
JBC-453	11	35	115
JLZ-827	11	35	87
QDY-669	11	35	91
FOD-954	11	36	78
MMS-949	11	36	129
AJY-424	11	37	121
BVX-430	11	37	97
FOD-954	11	37	76
PJH-404	11	37	114
RQA-219	11	37	116
YBE-878	11	38	133
GDG-841	11	40	89
RDX-643	11	40	68
XDU-199	11	40	109
AJY-424	11	41	121
KJF-939	11	41	71
ANT-170	11	42	89
REB-528	11	42	113
KJF-939	11	43	62
PJH-404	11	43	106
FOD-954	11	44	64
ODZ-391	11	44	129
VOW-763	11	44	80
YOG-608	11	44	73
BIB-666	11	45	80
EBD-866	11	45	94
KJF-939	11	45	61
MMS-949	11	45	132
YNT-992	11	45	90
JBC-453	11	46	103
PJH-404	11	46	110
VVJ-776	11	46	143
AJY-424	11	47	128
IGI-697	11	47	90
LBB-313	11	47	71
BIB-666	11	48	84
MGI-382	11	48	75
REB-528	11	49	107
RQA-219	11	49	123
XDU-199	11	49	116
LBB-313	11	50	75
WUZ-748	11	50	87
YOG-608	11	50	68
DNK-752	11	51	119
IGI-697	11	51	87
MGI-382	11	51	65
VOW-763	11	51	74
VVJ-776	11	51	135
YOG-608	11	51	70
JBC-453	11	53	105
VOW-763	11	53	67
YBE-878	11	53	126
ANT-170	11	54	81
BVX-430	11	54	91
JLZ-827	11	54	83
ODZ-391	11	54	140
RDX-643	11	54	66
QDY-669	11	55	79
JLZ-827	11	56	74
AJY-424	11	57	126
ANT-170	11	57	69
EBD-866	11	57	104
LBB-313	11	57	66
XEW-447	11	58	108
GDG-841	11	59	90
YOG-608	11	59	63
KJF-939	12	0	65
BVX-430	12	1	93
PJH-404	12	1	106
YOG-608	12	1	63
ANT-170	12	2	67
DNK-752	12	2	122
EBD-866	12	2	105
REB-528	12	2	116
VVJ-776	12	2	128
YNT-992	12	2	79
BVX-430	12	3	91
VOW-763	12	3	75
AJY-424	12	5	117
JBC-453	12	5	96
WXQ-980	12	5	80
BIB-666	12	6	89
VOW-763	12	6	86
BIB-666	12	7	99
MGI-382	12	7	65
AOU-781	12	8	120
YNT-992	12	8	67
AJY-424	12	9	117
IGI-697	12	9	94
JLZ-827	12	9	81
QDY-669	12	9	68
RQA-219	12	9	120
WUZ-748	12	9	91
XDU-199	12	9	116
YBE-878	12	9	131
DZV-238	12	10	106
ODZ-391	12	10	127
AOU-781	12	11	115
GDG-841	12	12	86
KJF-939	12	12	71
ODZ-391	12	12	132
KJF-939	12	13	64
LOE-855	12	15	93
XEW-447	12	15	95
AOU-781	12	16	114
BIB-666	12	16	109
DUO-691	12	16	76
EBD-866	12	16	103
LBB-313	12	16	74
REB-528	12	16	122
YNT-992	12	17	63
YOG-608	12	17	75
YNT-992	12	18	69
IFP-464	12	19	103
QLO-953	12	19	120
DUO-691	12	20	80
LBB-313	12	20	67
QDY-669	12	20	71
YBE-878	12	20	134
WXQ-980	12	21	67
JBC-453	12	22	102
GXJ-255	12	24	84
YBE-878	12	24	144
IFP-464	12	25	112
XEW-447	12	26	95
DZV-238	12	27	114
WUZ-748	12	27	97
XDU-199	12	27	103
YBE-878	12	27	148
IGI-697	12	28	97
WUZ-748	12	28	104
COV-427	12	29	88
JLZ-827	12	29	85
WXQ-980	12	29	76
YOG-608	12	29	65
GDG-841	12	31	93
XEW-447	12	31	107
DZV-238	12	32	112
BIB-666	12	33	108
LOE-855	12	33	96
QLO-953	12	33	117
COV-427	12	34	85
EBD-866	12	34	108
PLB-935	12	34	109
QDY-669	12	34	70
IFP-464	12	35	110
AOU-781	12	36	111
DUO-691	12	37	84
IGI-697	12	37	108
JBC-453	12	37	90
PLB-935	12	37	99
QLO-953	12	37	120
YNT-992	12	37	76
JBC-453	12	38	85
YOG-608	12	38	71
WUZ-748	12	39	107
XEW-447	12	39	112
BIB-666	12	40	96
DZV-238	12	40	121
JLZ-827	12	42	79
COV-427	12	43	85
EAF-976	12	43	113
KCC-666	12	43	84
WXQ-980	12	43	78
YOG-608	12	43	77
EBD-866	12	44	100
GXJ-255	12	44	83
QLO-953	12	44	124
QDY-669	12	45	71
XEW-447	12	45	118
BIB-666	12	46	86
EAF-976	12	46	122
GDG-841	12	46	83
JBC-453	12	46	93
JLZ-827	12	46	90
BIB-666	12	47	98
WXQ-980	12	47	88
LOE-855	12	48	86
DZV-238	12	49	128
PLB-935	12	49	98
QLO-953	12	49	125
JBC-453	12	50	84
DZV-238	12	51	128
DUO-691	12	52	79
PLB-935	12	52	98
COV-427	12	53	86
JBC-453	12	53	96
WUZ-748	12	53	95
IFP-464	12	54	106
JAN-415	12	54	91
IGI-697	12	55	97
YOG-608	12	55	73
AOU-781	12	56	118
KRW-966	12	56	84
YNT-992	12	56	87
HDM-201	12	57	106
JAN-415	12	57	93
COV-427	12	58	98
DZV-238	12	58	123
JAN-415	12	58	89
JLZ-827	12	58	88
KCC-666	12	58	76
XEW-447	12	58	110
AOU-781	13	0	109
BIB-666	13	0	93
GXJ-255	13	0	78
WXQ-980	13	0	85
DZV-238	13	1	110
KRW-966	13	1	81
GXJ-255	13	2	78
KRW-966	13	3	69
QDY-669	13	3	71
WUZ-748	13	3	101
EAF-976	13	4	126
IFP-464	13	4	114
DUO-691	13	5	80
BIB-666	13	6	92
PLB-935	13	6	88
BIB-666	13	7	103
YNT-992	13	7	78
GXJ-255	13	8	75
LOE-855	13	8	74
QLO-953	13	8	134
JLZ-827	13	9	84
LOE-855	13	9	75
YOG-608	13	9	65
HDM-201	13	10	104
IFP-464	13	10	123
KCC-666	13	10	63
IFP-464	13	12	116
COV-427	13	13	101
JAN-415	13	13	87
QLO-953	13	13	126
ACW-799	13	14	98
HDM-201	13	14	98
XEW-447	13	14	109
JAN-415	13	15	99
QDY-669	13	17	64
YOG-608	13	18	69
DZV-238	13	19	119
AOU-781	13	20	110
KRW-966	13	20	64
WXQ-980	13	20	79
LOE-855	13	21	81
YOG-608	13	21	69
DUO-691	13	22	82
EAF-976	13	22	123
MEE-911	13	22	84
HDM-201	13	23	91
PLB-935	13	23	81
KCC-666	13	24	65
GXJ-255	13	25	67
IFP-464	13	25	111
YVF-713	13	25	101
ACW-799	13	26	91
COV-427	13	26	107
YVF-713	13	26	89
ACW-799	13	27	98
KCC-666	13	27	69
MEE-911	13	28	73
YOG-608	13	28	62
KHG-476	13	29	82
LOE-855	13	29	73
PLB-935	13	29	89
EAF-976	13	30	121
QLO-953	13	30	131
HDM-201	13	32	89
MEE-911	13	32	62
YVF-713	13	32	82
DUO-691	13	33	94
JAN-415	13	33	95
KHG-476	13	33	74
QDY-669	13	33	74
XUL-568	13	33	119
YVF-713	13	33	85
IFP-464	13	35	118
JAN-415	13	35	85
KCC-666	13	36	81
KRW-966	13	36	62
PLB-935	13	36	81
WXQ-980	13	36	68
ACW-799	13	37	104
GXJ-255	13	37	63
RIN-632	13	37	85
DUO-691	13	38	83
COV-427	13	39	114
KRW-966	13	39	65
KRW-966	13	41	74
LOE-855	13	42	67
EAF-976	13	43	129
LOE-855	13	43	79
EAF-976	13	44	116
KRW-966	13	44	73
KHG-476	13	45	65
MEE-911	13	45	66
DUO-691	13	46	71
HDM-201	13	46	82
WXQ-980	13	46	67
COV-427	13	47	118
JAN-415	13	47	80
MJH-289	13	48	91
KCC-666	13	49	79
PLB-935	13	49	85
XUL-568	13	49	126
MJH-289	13	50	91
YVF-713	13	50	82
ACW-799	13	52	115
JAN-415	13	52	73
GXJ-255	13	53	61
KXL-767	13	53	113
MEE-911	13	54	66
TOW-520	13	54	82
YVF-713	13	54	75
OYW-763	13	56	75
RIN-632	13	56	81
COV-427	13	57	129
OYW-763	13	57	87
LOE-855	13	58	72
KCC-666	13	59	70
KHG-476	13	59	71
PLB-935	13	59	90
SQP-759	14	0	87
MEE-911	14	1	78
YVF-713	14	1	71
KRW-966	14	2	76
XUL-568	14	2	137
GXJ-255	14	3	72
DUO-691	14	5	65
HDM-201	14	5	91
JAN-415	14	5	70
KXL-767	14	5	101
YVF-713	14	6	63
KRW-966	14	7	68
MEE-911	14	7	81
GXJ-255	14	8	64
MJH-289	14	8	90
DUO-691	14	9	67
YVF-713	14	10	61
ACW-799	14	11	123
KCC-666	14	11	70
YWA-957	14	11	92
OYW-763	14	12	82
SQP-759	14	12	93
RIN-632	14	13	81
TOW-520	14	13	80
KCC-666	14	15	62
KHG-476	14	15	61
GXJ-255	14	16	66
JAN-415	14	18	75
ACW-799	14	19	112
KXL-767	14	19	111
RIN-632	14	19	71
XUL-568	14	20	142
ENF-817	14	21	102
SQP-759	14	21	80
YWA-957	14	21	97
HDM-201	14	22	79
KXL-767	14	22	118
YWA-957	14	22	108
KRW-966	14	23	69
MEE-911	14	24	93
RIN-632	14	24	80
YVF-713	14	24	64
KHG-476	14	25	63
XUL-568	14	25	129
TOW-520	14	27	83
MJH-289	14	28	92
KHG-476	14	29	69
NSM-658	14	29	114
OYW-763	14	29	92
TOW-520	14	29	81
KCC-666	14	30	61
ACW-799	14	31	118
HDM-201	14	31	72
KXL-767	14	31	122
YWA-957	14	31	112
JAN-415	14	32	68
KCC-666	14	32	69
KRW-966	14	32	74
SQP-759	14	32	68
SYI-554	14	32	105
KHG-476	14	33	71
LXT-673	14	35	90
MEE-911	14	35	97
TOW-520	14	36	86
UAH-979	14	36	89
ENF-817	14	37	109
RIN-632	14	37	68
XUL-568	14	38	126
OYW-763	14	39	96
SYI-554	14	39	102
YVF-713	14	39	63
OYW-763	14	40	108
KCC-666	14	41	68
KHG-476	14	41	63
MJH-289	14	42	92
NSM-658	14	42	113
LXT-673	14	44	80
RIN-632	14	44	61
SYI-554	14	45	94
KCC-666	14	47	68
MJH-289	14	47	99
UAH-979	14	49	84
SQP-759	14	50	63
TOW-520	14	50	74
YWA-957	14	50	100
KRW-966	14	51	64
KXL-767	14	51	120
MEE-911	14	51	101
ENF-817	14	52	121
NSM-658	14	53	108
GBY-628	14	54	95
YVF-713	14	54	69
HRM-886	14	57	112
OYW-763	14	59	101
NSM-658	15	0	114
KHG-476	15	1	66
SYI-554	15	1	92
ENF-817	15	2	128
KRW-966	15	2	66
LXT-673	15	3	77
MEE-911	15	3	109
LXT-673	15	4	83
MJH-289	15	4	104
QIQ-677	15	4	86
RIN-632	15	4	64
UAH-979	15	4	94
ENF-817	15	6	133
GBY-628	15	6	105
KHG-476	15	6	62
NSM-658	15	7	125
UAH-979	15	7	103
GBY-628	15	8	108
SQP-759	15	8	61
TOW-520	15	8	68
DCV-860	15	9	99
OYW-763	15	9	105
YWA-957	15	9	93
RIN-632	15	10	67
TOW-520	15	10	70
YVF-713	15	11	72
HRM-886	15	12	108
KHG-476	15	12	73
MJH-289	15	12	96
VVY-772	15	12	107
MOI-843	15	14	83
LXT-673	15	16	82
OYW-763	15	16	92
KHG-476	15	18	83
LPX-982	15	20	75
MJH-289	15	20	96
SYI-554	15	20	104
LPX-982	15	21	64
NSM-658	15	21	122
QIQ-677	15	21	91
TOW-520	15	21	76
MOI-843	15	22	95
OYW-763	15	22	90
YWA-957	15	23	90
ENF-817	15	24	145
GBY-628	15	24	96
KHG-476	15	24	73
MOI-843	15	24	100
UAH-979	15	24	100
OYW-763	15	25	78
RIN-632	15	25	72
SQP-759	15	25	73
NSM-658	15	26	121
HRM-886	15	27	117
DCV-860	15	28	97
GBY-628	15	29	99
HRM-886	15	29	114
MOI-843	15	29	94
DCV-860	15	31	87
TLM-786	15	31	101
UAH-979	15	31	110
VVY-772	15	31	95
NSM-658	15	32	129
RIN-632	15	32	79
SZP-117	15	32	86
TOW-520	15	32	66
SQP-759	15	33	69
TOW-520	15	33	61
LPX-982	15	34	73
LXT-673	15	34	85
VVY-772	15	37	95
WYW-759	15	37	113
KHG-476	15	38	63
MOI-843	15	38	82
TOW-520	15	38	62
UAH-979	15	38	117
YWA-957	15	38	78
DCV-860	15	39	81
QIQ-677	15	39	97
SYI-554	15	39	107
TOW-520	15	39	63
VVY-772	15	39	92
YWO-651	15	40	112
SYI-554	15	41	103
TOW-520	15	41	66
NSM-658	15	42	131
VVY-772	15	42	80
YWO-651	15	42	116
HRM-886	15	43	126
BZX-116	15	44	99
MOI-843	15	44	72
CCI-417	15	45	98
HRM-886	15	45	115
LPX-982	15	47	80
LXT-673	15	47	78
WYW-759	15	47	122
BZX-116	15	49	110
GBY-628	15	49	97
SZP-117	15	49	75
VVY-772	15	49	86
GBY-628	15	50	88
SQP-759	15	50	73
TLM-786	15	50	96
HRM-886	15	51	107
MOI-843	15	52	79
SZP-117	15	52	75
DCV-860	15	53	78
BZX-116	15	54	104
HRM-886	15	55	107
UAH-979	15	56	107
YWO-651	15	56	110
QIQ-677	15	57	96
KRQ-990	15	58	80
SZP-117	15	58	75
VVY-772	15	58	79
DCV-860	15	59	82
KPW-390	15	59	95
SYI-554	15	59	103
XES-972	15	59	107
WSV-225	16	0	122
HRM-886	16	0	97
MOI-843	16	0	87
LXT-673	16	1	74
TLM-786	16	1	94
UAH-979	16	1	116
MOI-843	16	3	77
WYW-759	16	3	115
XES-972	16	3	119
SZP-117	16	4	71
WSV-225	16	4	109
XES-972	16	4	120
CCI-417	16	5	89
HRM-886	16	6	90
KPW-390	16	6	100
REC-263	16	6	88
KPW-390	16	7	104
LPX-982	16	7	68
QIQ-677	16	7	83
LPX-982	16	8	69
YWO-651	16	8	103
GBY-628	16	9	79
KPW-390	16	9	98
WSV-225	16	9	99
BZX-116	16	11	103
HRM-886	16	11	84
DCV-860	16	12	76
HRM-886	16	12	72
JYM-112	16	12	83
GBY-628	16	13	82
JIS-167	16	14	97
MOI-843	16	14	65
SZP-117	16	15	65
VVY-772	16	15	76
KRQ-990	16	16	73
DXJ-132	16	17	114
QIQ-677	16	17	83
REC-263	16	17	84
YWO-651	16	17	113
XES-972	16	18	122
BZX-116	16	19	92
KPW-390	16	19	97
KRQ-990	16	19	71
LXT-673	16	19	71
WSV-225	16	19	99
YWO-651	16	19	107
JYM-112	16	20	85
WYW-759	16	20	104
CCI-417	16	21	100
TLM-786	16	21	101
TLM-786	16	23	107
UDV-335	16	23	104
JIS-167	16	24	93
LPX-982	16	25	67
LPX-982	16	26	61
DCV-860	16	27	79
VVY-772	16	27	69
BZX-116	16	28	97
KPW-390	16	29	89
YWO-651	16	29	110
CCI-417	16	30	94
REC-263	16	30	77
XES-972	16	30	111
DXJ-132	16	31	114
MOI-843	16	31	77
SZP-117	16	31	66
TLM-786	16	32	114
TLM-786	16	33	110
KRQ-990	16	35	75
VVY-772	16	35	72
WYW-759	16	35	97
JYM-112	16	36	72
KPW-390	16	36	100
WSV-225	16	36	99
QIQ-677	16	37	88
WSV-225	16	37	99
KRQ-990	16	38	68
LIQ-669	16	38	88
UDV-335	16	38	92
QUG-586	16	39	78
GIT-136	16	41	76
JYM-112	16	41	80
LIQ-669	16	41	92
QUG-586	16	41	81
BZX-116	16	43	99
JIS-167	16	43	100
SZP-117	16	43	67
TLM-786	16	43	104
YWO-651	16	45	98
LIQ-669	16	46	98
LPX-982	16	46	65
QUG-586	16	46	82
XES-972	16	46	120
DCV-860	16	47	72
GIT-136	16	47	80
REC-263	16	47	70
WYW-759	16	47	91
DXJ-132	16	48	109
KWX-130	16	48	94
QUG-586	16	48	87
REC-263	16	48	81
KPW-390	16	49	109
TLM-786	16	49	111
CCI-417	16	50	101
MOI-843	16	50	76
RIN-366	16	50	100
DCV-860	16	51	79
TLM-786	16	51	110
LPX-982	16	52	63
REC-263	16	52	70
VVY-772	16	52	78
WSV-225	16	52	101
YWO-651	16	53	87
CCI-417	16	54	112
KEE-771	16	54	119
QUG-586	16	54	83
KRQ-990	16	55	64
REC-263	16	55	69
UDV-335	16	55	89
KEE-771	16	56	125
KPW-390	16	56	116
MYO-207	16	56	113
NQJ-152	16	56	103
CCI-417	16	57	102
DXJ-132	16	57	117
LIQ-669	16	57	104
REC-263	16	57	68
TIB-382	16	57	123
MOI-843	16	58	69
QLP-495	16	58	84
SZP-117	16	58	68
KWX-130	16	59	89
MYO-207	16	59	109
BZX-116	17	0	90
JIS-167	17	0	100
JYM-112	17	0	75
LIQ-669	17	0	115
NQJ-152	17	0	114
UDV-335	17	0	90
TIB-382	17	1	135
JIS-167	17	2	111
NQJ-152	17	3	121
QUG-586	17	3	82
CCI-417	17	4	104
KEE-771	17	4	125
QUG-586	17	4	79
BZX-116	17	5	98
GIT-136	17	5	85
SZP-117	17	5	66
CCI-417	17	6	98
KWX-130	17	6	97
SZP-117	17	6	61
XES-972	17	6	129
JIS-167	17	7	110
KEO-382	17	7	75
LPX-982	17	7	71
CCI-417	17	8	96
RIN-366	17	8	99
SZP-117	17	8	71
BZX-116	17	10	85
CCI-417	17	10	105
DXJ-132	17	10	109
KSD-687	17	10	76
QUG-586	17	10	83
WSV-225	17	10	105
LPX-982	17	11	66
RIN-366	17	11	99
GIT-136	17	12	94
KPW-390	17	12	124
KPW-390	17	13	117
KRQ-990	17	13	76
LIQ-669	17	13	112
MYO-207	17	13	121
CEQ-702	17	14	114
QUG-586	17	14	94
QLP-495	17	15	71
UDV-335	17	15	94
WSV-225	17	16	111
JYM-112	17	17	73
KRQ-990	17	17	71
MFD-162	17	17	77
REC-263	17	17	79
SZP-117	17	17	62
WSV-225	17	17	115
BIJ-348	17	18	94
DXJ-132	17	18	113
UDV-335	17	18	81
WSV-225	17	18	109
RIN-366	17	19	90
DXJ-132	17	20	116
GIT-136	17	20	103
KEE-771	17	20	124
KEO-382	17	20	69
KSD-687	17	20	71
NPR-419	17	20	99
NQJ-152	17	20	109
GIT-136	17	21	103
JIS-167	17	21	119
JYM-112	17	21	72
TIB-382	17	21	131
PWQ-509	17	22	105
PWQ-509	17	23	114
SZP-117	17	24	61
CEQ-702	17	25	112
KRQ-990	17	25	71
KWX-130	17	25	101
MYO-207	17	25	119
QUG-586	17	25	93
MFD-162	17	26	76
OAT-328	17	26	115
LPX-982	17	27	70
JYM-112	17	28	80
REC-263	17	28	79
BIJ-348	17	29	99
PWQ-509	17	30	120
QUG-586	17	30	102
IYA-363	17	31	106
KEE-771	17	31	124
KSD-687	17	31	73
LIQ-669	17	31	105
TIB-382	17	31	130
OAT-328	17	32	106
QLP-495	17	32	78
JIS-167	17	33	125
NQJ-152	17	33	109
SZP-117	17	34	61
KEO-382	17	35	67
KSD-687	17	35	76
NPR-419	17	35	104
TIB-382	17	35	119
UDV-335	17	35	72
GIT-136	17	36	114
QLP-495	17	36	82
IYA-363	17	37	101
KWX-130	17	37	103
JIS-167	17	38	118
NPR-419	17	39	94
RIN-366	17	39	77
GIT-136	17	40	112
IYA-363	17	40	107
JPB-924	17	40	118
YHC-736	17	40	82
KEO-382	17	41	64
NPR-419	17	41	97
CEQ-702	17	42	108
KSD-687	17	42	74
MFD-162	17	42	64
MYO-207	17	42	125
JYM-112	17	43	76
KRQ-990	17	43	76
MFD-162	17	43	65
JPB-924	17	44	110
KEE-771	17	44	132
PWQ-509	17	44	121
QUG-586	17	44	90
REC-263	17	44	74
LIQ-669	17	45	116
OAT-328	17	45	117
PWQ-509	17	46	117
TIB-382	17	46	112
NPR-419	17	47	105
QUG-586	17	47	93
RIN-366	17	47	71
SOZ-286	17	47	91
UDV-335	17	47	61
BIJ-348	17	49	88
KSD-687	17	49	73
GIT-136	17	50	102
GVB-358	17	51	123
REC-263	17	51	67
JPB-924	17	52	119
KEO-382	17	52	70
LIQ-669	17	52	122
NQJ-152	17	52	111
QUG-586	17	52	95
REC-263	17	52	63
SOZ-286	17	52	79
BIJ-348	17	54	88
IYA-363	17	55	106
KSD-687	17	55	72
KWX-130	17	55	94
QLP-495	17	55	77
SOZ-286	17	55	68
UDV-335	17	55	73
TIB-382	17	57	102
CEQ-702	17	58	120
JPB-924	17	58	121
MFD-162	17	58	70
MYO-207	17	58	129
QUG-586	17	58	96
RIN-366	17	58	83
YHC-736	17	58	72
GIT-136	17	59	95
MYO-207	17	59	116
QLP-495	17	59	69
JPB-924	18	0	115
KRQ-990	18	0	82
KSD-687	18	0	84
LIQ-669	18	0	117
KEE-771	18	1	127
PWQ-509	18	1	111
QLP-495	18	1	72
SOZ-286	18	1	79
KSD-687	18	2	76
JYM-112	18	3	85
TPQ-107	18	3	76
VAI-856	18	3	114
NQJ-152	18	5	108
OAT-328	18	5	116
QLP-495	18	5	72
KEO-382	18	6	72
NPR-419	18	6	116
XOS-780	18	6	120
IYA-363	18	7	116
MFD-162	18	7	61
MYO-207	18	7	128
TPQ-107	18	7	68
CEQ-702	18	8	122
NQJ-152	18	8	117
UDV-335	18	8	65
WCQ-793	18	8	101
TIB-382	18	9	102
GVB-358	18	10	113
MYO-207	18	10	134
TPQ-107	18	10	79
GIT-136	18	11	102
NQJ-152	18	11	122
QLP-495	18	11	66
YHC-736	18	12	72
PWQ-509	18	13	108
BIJ-348	18	14	78
KWX-130	18	14	101
QUG-586	18	14	92
RIN-366	18	14	71
XOS-780	18	14	131
NPR-419	18	15	127
QUG-586	18	15	87
BIJ-348	18	16	83
PWQ-509	18	16	96
QUG-586	18	16	83
GVB-358	18	17	102
KSD-687	18	17	67
TVE-792	18	17	79
JPB-924	18	18	125
RIN-366	18	18	80
VAI-856	18	19	102
WCQ-793	18	19	92
CEQ-702	18	20	132
IYA-363	18	20	106
KEO-382	18	20	81
OAT-328	18	20	127
MFD-162	18	21	72
SOZ-286	18	21	87
TVE-792	18	21	69
YHC-736	18	21	69
NPR-419	18	22	129
SOZ-286	18	22	95
CEQ-702	18	25	119
JPB-924	18	25	129
LOC-186	18	25	84
PWQ-509	18	25	99
QLP-495	18	26	73
TPQ-107	18	26	87
VAI-856	18	26	98
BIJ-348	18	27	89
KEO-382	18	27	74
LOC-186	18	27	76
UXW-519	18	27	113
KSD-687	18	28	79
NPR-419	18	28	141
YHC-736	18	28	77
BIJ-348	18	29	93
JPB-924	18	29	125
RIN-366	18	29	68
IYA-363	18	30	103
XOS-780	18	30	128
XOS-780	18	31	119
TVE-792	18	32	69
GVB-358	18	34	93
LOC-186	18	34	83
XOS-780	18	34	129
OAT-328	18	35	128
KEO-382	18	36	68
MFD-162	18	36	74
TPQ-107	18	36	85
GVB-358	18	37	96
TTO-958	18	37	114
WCQ-793	18	37	90
OAT-328	18	39	128
PYP-756	18	39	90
TTO-958	18	39	111
PWQ-509	18	40	96
SOZ-286	18	40	105
VAI-856	18	41	101
BIJ-348	18	42	100
KSD-687	18	42	87
YHC-736	18	42	85
PWQ-509	18	43	92
GVB-358	18	44	105
QLP-495	18	44	69
TVE-792	18	45	71
UXW-519	18	45	123
BIJ-348	18	47	96
JPB-924	18	47	120
LOC-186	18	47	72
JPB-924	18	48	121
KEO-382	18	48	70
XOS-780	18	48	120
GVB-358	18	49	115
WCQ-793	18	49	95
IYA-363	18	50	95
TPQ-107	18	52	88
VAI-856	18	52	97
KEO-382	18	53	81
MHR-541	18	53	105
YHC-736	18	53	80
PYP-756	18	54	90
SOZ-286	18	54	117
BIJ-348	18	56	91
LOC-186	18	56	67
MFD-162	18	56	84
TTO-958	18	56	100
VAI-856	18	56	90
KSD-687	18	57	74
TVE-792	18	57	67
WCQ-793	18	57	94
YDX-618	18	57	99
QLP-495	18	58	71
XOS-780	18	58	132
YHC-736	18	58	75
RCN-437	19	1	114
SOZ-286	19	2	108
UXW-519	19	3	125
VBD-552	19	3	104
MFD-162	19	4	87
GVB-358	19	5	108
KEO-382	19	5	90
MHR-541	19	6	102
TVE-792	19	6	63
YDX-618	19	6	104
TTO-958	19	8	105
TPQ-107	19	9	86
WCQ-793	19	9	106
VBD-552	19	11	102
YDX-618	19	11	111
CUP-476	19	12	93
RCN-437	19	12	106
WYX-634	19	12	124
CUP-476	19	13	91
LOC-186	19	13	62
HHN-981	19	14	77
PYP-756	19	14	101
VAI-856	19	15	89
MFD-162	19	16	88
TPQ-107	19	16	82
DUN-492	19	17	81
YHC-736	19	17	83
HHN-981	19	18	65
WYX-634	19	18	113
SOZ-286	19	19	99
UXW-519	19	21	133
VAI-856	19	21	99
VBD-552	19	21	98
LOC-186	19	22	65
TVE-792	19	22	64
WCQ-793	19	23	109
WYX-634	19	23	124
LOC-186	19	25	68
MHR-541	19	25	114
VAI-856	19	25	100
MHR-541	19	26	116
TTO-958	19	26	116
PYP-756	19	27	107
WYX-634	19	27	115
YDX-618	19	27	107
CUP-476	19	28	94
RCN-437	19	29	113
TPQ-107	19	30	83
TVE-792	19	30	69
CUP-476	19	32	98
DUN-492	19	33	71
VAI-856	19	33	111
YDX-618	19	33	102
MHR-541	19	34	116
VBD-552	19	34	103
TTO-958	19	35	118
LOC-186	19	36	78
HHN-981	19	38	68
UXW-519	19	38	121
YDX-618	19	38	95
PYP-756	19	39	97
MHR-541	19	40	106
VBD-552	19	40	91
CUP-476	19	42	108
LOC-186	19	42	67
DUN-492	19	44	71
HHN-981	19	45	64
TVE-792	19	45	66
WYX-634	19	46	117
TPQ-107	19	47	76
YDX-618	19	47	107
RCN-437	19	49	121
TTO-958	19	49	106
HHN-981	19	50	68
YDX-618	19	52	101
VBD-552	19	53	90
WYX-634	19	54	107
LOC-186	19	56	63
CQM-593	19	57	80
HHN-981	19	57	68
IRE-878	19	57	75
LOC-186	19	57	72
PYP-756	19	57	109
HHN-981	19	59	67
MHR-541	20	0	114
PYP-756	20	0	113
QTA-765	20	0	121
CUP-476	20	1	108
WYX-634	20	2	94
DUN-492	20	3	68
RCN-437	20	3	126
TVE-792	20	3	62
LOC-186	20	4	62
LOC-186	20	5	68
YDX-618	20	5	103
IRE-878	20	7	75
QTA-765	20	7	132
YDX-618	20	7	99
KDU-839	20	8	81
CQM-593	20	9	78
CQM-593	20	11	80
VBD-552	20	12	80
WYX-634	20	12	87
CUP-476	20	13	118
HHN-981	20	13	64
MHR-541	20	13	102
TVE-792	20	14	64
LOC-186	20	15	78
RCN-437	20	15	127
IRE-878	20	17	68
CQM-593	20	18	79
DUN-492	20	18	72
PVR-152	20	18	124
QTA-765	20	18	130
PVR-152	20	20	126
TVL-509	20	20	100
CQM-593	20	22	85
KDU-839	20	22	71
LOC-186	20	22	75
TMA-338	20	23	120
TVL-509	20	23	87
VBD-552	20	23	87
YDX-618	20	23	86
KDU-839	20	24	61
PVR-152	20	24	128
QTA-765	20	24	120
DRO-722	20	25	113
VND-401	20	25	119
PVR-152	20	27	125
CUP-476	20	28	124
KDU-839	20	28	69
TMA-338	20	29	115
CQM-593	20	30	84
HHN-981	20	30	63
WYX-634	20	30	95
CQM-593	20	31	91
DUN-492	20	31	82
QTA-765	20	31	131
IRE-878	20	32	64
TVL-509	20	34	87
DRO-722	20	37	117
VBD-552	20	38	95
DUN-492	20	39	73
PVR-152	20	40	128
KDU-839	20	41	74
TMA-338	20	41	122
VND-401	20	41	124
QTA-765	20	43	133
VND-401	20	44	130
TVL-509	20	45	97
TMA-338	20	46	131
CQM-593	20	48	87
DRO-722	20	48	116
HHN-981	20	49	62
IRE-878	20	50	64
DUN-492	20	52	78
HHN-981	20	53	69
TMA-338	20	53	123
PVR-152	20	54	136
QTA-765	20	54	132
DUN-492	20	55	78
HHN-981	20	56	61
KDU-839	20	56	64
VND-401	20	57	118
IRE-878	20	58	64
QTA-765	20	58	128
MWO-680	20	59	99
CQM-593	21	1	92
VND-401	21	1	121
MWO-680	21	2	98
PVR-152	21	2	123
TVL-509	21	2	95
DRO-722	21	3	111
MWO-680	21	5	93
TMA-338	21	5	111
HHN-981	21	6	67
KDU-839	21	8	64
DUN-492	21	10	81
PVR-152	21	12	121
IRE-878	21	14	64
TVL-509	21	14	95
TMA-338	21	17	102
KDU-839	21	19	61
MWO-680	21	19	90
CQM-593	21	20	99
DRO-722	21	21	100
VND-401	21	21	108
HHN-981	21	23	72
MWO-680	21	24	90
MWO-680	21	25	79
PVR-152	21	25	112
CQM-593	21	26	99
IRE-878	21	26	68
PVR-152	21	26	124
TVL-509	21	28	100
CQM-593	21	29	87
DRO-722	21	31	89
TMA-338	21	32	91
KDU-839	21	33	64
TVL-509	21	35	90
VND-401	21	38	103
MWO-680	21	39	83
IRE-878	21	44	65
MWO-680	21	44	88
TVL-509	21	44	77
TVL-509	21	45	86
MWO-680	21	46	79
MWO-680	21	47	78
IRE-878	21	48	72
KDU-839	21	49	62
TVL-509	21	52	91
KDU-839	21	59	67
IRE-878	22	0	83
MWO-680	22	1	78
KDU-839	22	2	62
MWO-680	22	13	82
KDU-839	22	16	67
KDU-839	22	20	63
MWO-680	22	31	75
MWO-680	22	42	87
MWO-680	22	45	84