Év;Hét;Forduló;T13p1;Ny13p1;Eredmények
2020;18;1;0;0;2X22211X1X11X1
2020;17;1;0;0;2221XX12222121
2020;16;2;0;0;1111XX11X12X1X
2020;16;1;0;0;112X1XXX1221X1
2020;15;2;0;0;X11X112112X222
2020;15;1;0;0;222211111X11X1
2020;14;1;0;0;X121121XXXX121
2020;13;1;0;0;1X112X221X1111
2020;12;1;0;0;111X1X212X1X11
2020;11;2;112;13900;2111X21XXX1122
2020;11;1;1;6058510;121121122121XX
2020;10;2;0;0;X1XX21X112X111
2020;10;1;0;0;2111X212XX1122
2020;9;2;3;3485930;122122111XX121
2020;9;1;0;0;2X1222X1221X1X
2020;8;2;0;0;12X222112X2211
2020;8;1;1;1366420;11121211X12112
2020;7;2;12;853730;11212122X11221
2020;7;1;0;0;X1X2X121X22212
2020;6;2;0;0;2121X2X12X1221
2020;6;1;0;0;XX2XX111XXX221
2020;5;2;1;11022635;1211X2211XX121
2020;5;1;0;0;X121X221211212
2020;4;2;0;0;1112211X1X2XX1
2020;4;1;0;0;X112X21122X211
2020;3;2;2;1461505;222112221X2111
2020;3;1;23;67905;111121111212X2
2020;2;2;2;13359780;12X111121222X2
2020;2;1;0;0;2X1122X111X122
2020;1;2;0;0;21X12XX22122X1
2020;1;1;0;0;2111X1221212X1
2019;52;2;0;0;2X1X2211222222
2019;52;1;0;0;X1211X1XXXX1X2
2019;51;2;0;0;112X1X1112112X
2019;51;1;0;0;X22122X21222XX
2019;50;2;1;2601045;21121122X11X2X
2019;50;1;15;307880;2112X121222121
2019;49;2;0;0;21111111X11X22
2019;49;1;13;805145;111111X2211X11
2019;48;2;0;0;2X22122X121222
2019;48;1;0;0;X211X11X22X2X1
2019;47;2;0;0;21X22122X2121X
2019;47;1;2;680355;11111112221X11
2019;46;2;2;2127980;2211X12122212X
2019;46;1;28;151725;X1112111X1111X
2019;45;2;0;0;1X21211221X111
2019;45;1;4;1054955;X1X11112112XX1
2019;44;2;0;0;XX211112X12222
2019;44;1;2;2095890;X21X111X22X112
2019;43;2;0;0;X1211XX12XXX12
2019;43;1;212;21160;22211112X22211
2019;42;2;0;0;1XXXX111112XXX
2019;42;1;4;263765;111X11222121XX
2019;41;2;16;153500;11X1222122XX11
2019;41;1;1;4510050;XX112X112111X1
2019;40;2;0;0;X2X2X1X121XXX2
2019;40;1;4;368815;212121X2112221
2019;39;2;1;3996400;X2222X21221122
2019;39;1;0;0;221X12211X2X11
2019;38;2;2;1157830;2212X1121XX222
2019;38;1;1;1389265;1XX1X221XX22X1
2019;37;2;1;3810205;X21112X1121122
2019;37;1;0;0;212212X11XX112
2019;36;2;1;2145575;21121111X11XX2
2019;36;1;8;545095;112XX12X21X112
2019;35;2;0;0;11X221X1111XXX
2019;35;1;4;971675;11122XX1221111
2019;34;2;0;0;122212221X2112
2019;34;1;1;7708905;1X1X12X1111112
2019;33;2;0;0;X2X2X211112X12
2019;33;1;0;0;2XX1112212221X
2019;32;2;1;9365220;1X1X2X2XX11X11
2019;32;1;0;0;XX21X22222111X
2019;31;2;0;0;1XX1121112221X
2019;31;1;0;0;X1111112XX2111
2019;30;2;0;0;11221X2X2122X1
2019;30;1;18;284040;1111X1X1112111
2019;29;2;0;0;1X11212122X212
2019;29;1;0;0;212X1221X1X21X
2019;28;2;1;9385310;11111111X21221
2019;28;1;0;0;12XX2X2112121X
2019;27;2;0;0;12X212111X2111
2019;27;1;0;0;X22X2XX2121211
2019;26;2;0;0;XXX2121121XXX2
2019;26;1;2;445190;11XX11X111X1X2
2019;25;2;78;26910;2221X11121X111
2019;25;1;1;4923860;21222211212X1X
2019;24;2;0;0;X2X111112X1111
2019;24;1;0;0;12111121222111
2019;23;2;11;1241030;211211121122X1
2019;23;1;0;0;1X2111X11X211X
2019;22;2;0;0;2211XX1X1222X1
2019;22;1;0;0;11XX21X111XX2X
2019;21;2;0;0;22X22121X11111
2019;21;1;0;0;X12211122XX2X2
2019;20;2;4;2322945;121211112X11X1
2019;20;1;0;0;1121112X122XX2
2019;19;2;0;0;2X1X1X22XX2212
2019;19;1;0;0;122X121X1112X2
2019;18;2;1;15174970;1X11XX1X12XX1X
2019;18;1;0;0;212X21XX1121X1
2019;17;2;0;0;1X2X112XX1X221
2019;17;1;0;0;21212X12221X12
2019;16;2;0;0;1X112221122X1X
2019;16;1;0;0;1221211X111112
2019;15;2;45;64845;1X212112211221
2019;15;1;1;10088050;11X21122XX2211
2019;14;2;0;0;12222X12112XXX
2019;14;1;0;0;12221X2111X2X1
2019;13;2;0;0;111X1221111X22
2019;13;1;2;615320;X1X1X221XX2112
2019;12;2;28;84820;11111212121X12
2019;12;1;25;311765;11112X11X1122X
2019;11;2;0;0;2X122111121112
2019;11;1;0;0;1112212X111X12
2019;10;2;6;1168750;2X11X1212121XX
2019;10;1;0;0;2212XXXX121111
2019;9;2;3;1055800;221212X11X1112
2019;9;1;9;159575;XX211111121122
2019;8;2;19;1529005;11212111222XXX
2019;8;1;0;0;XX2122X12X1X11
2019;7;2;0;0;2X11XX1122111X
2019;7;1;0;0;2121XXX1111121
2019;6;2;0;0;X2X2XX111X2211
2019;6;1;0;0;X221X111X2121X
2019;5;2;0;0;1X2X2XX11X2X11
2019;5;1;0;0;1111121X11XX11
2019;4;2;26;403145;1122X12122XX12
2019;4;1;0;0;2X121222121111
2019;3;2;0;0;1112XXX2122211
2019;3;1;0;0;1XX21X2XX1X111
2019;2;2;106;164120;X2112X22111112
2019;2;1;0;0;111X2X2111X1X1
2019;1;2;0;0;12X2X11111XX22
2019;1;1;0;0;2XX2X2111112X1
2018;52;2;0;0;X2X22111221221
2018;52;1;0;0;11112X2X221111
2018;51;2;6;814415;11222112211XX1
2018;51;1;0;0;11X12XXXX2X212
2018;50;2;107;117565;12XX1111122111
2018;50;1;0;0;12XXX212X1111X
2018;49;2;0;0;2111X11111XXXX
2018;49;1;0;0;1112X1112XX11X
2018;48;2;35;75515;122X12111X111X
2018;48;1;1;5103620;21X21111X21111
2018;47;2;0;0;X1X2X11X11XXXX
2018;47;1;22;455100;X11211X1111221
2018;46;2;0;0;X12121212X2111
2018;46;1;0;0;111XX222X11211
2018;45;2;0;0;112122111211X2
2018;45;1;1;6290265;X2111X1121XX22
2018;44;2;0;0;12X2X1221X1122
2018;44;1;0;0;XXXX1211111112
2018;43;2;2;1393315;X21XX22XXX1X21
2018;43;1;1;6022225;2X212X1XX1X2X1
2018;42;2;0;0;12XX222X12X2X1
2018;42;1;0;0;1X1XX121221X11
2018;41;2;5;2426720;11X11XX1XX2122
2018;41;1;0;0;X122212X12X212
2018;40;2;0;0;X2X12X2122111X
2018;40;1;0;0;2XX11X22111212
2018;39;2;4;4097535;1111111121X2XX
2018;39;1;0;0;121111X11121X1
2018;38;2;0;0;X1221X12211X21
2018;38;1;0;0;11122XX12X2212
2018;37;2;0;0;21111X121X112X
2018;37;1;0;0;12111X21X1112X
2018;36;2;86;90565;11122111111111
2018;36;1;0;0;X2X121X11X1121
2018;35;2;0;0;XX212X2X222111
2018;35;1;0;0;XX21X212222112
2018;34;2;5;1677030;1211X11111111X
2018;34;1;0;0;21X1X2XX1XX11X
2018;33;2;0;0;X11111222X2X11
2018;33;1;0;0;XX1X11XX2X1X1X
2018;32;2;32;114295;2112X212X1X221
2018;32;1;0;0;XXXX11X21121X1
2018;31;2;2;1662100;121X11X112X112
2018;31;1;0;0;122X2211X1X12X
2018;30;2;2;3921125;XXX1X12X121222
2018;30;1;0;0;XX11212111X212
2018;29;2;0;0;21111221212XX1
2018;29;1;0;0;11112222X111X1
2018;28;2;3;3841245;1X2211121111X1
2018;28;1;0;0;1212211X1X211X
2018;27;2;0;0;212121XX11111X
2018;27;1;0;0;X2111122X112X1
2018;26;2;0;0;11XXX12211111X
2018;26;1;0;0;22212X222XXX12
2018;25;2;17;133205;1211X1X2111X12
2018;25;1;14;885895;1112X111XXX122
2018;24;2;0;0;1X212212X1212X
2018;24;1;0;0;X2XX1X111211X1
2018;23;2;0;0;2X1X1X2111XX12
2018;23;1;0;0;X11X11X1X1X22X
2018;22;2;0;0;11X2X12112111X
2018;22;1;1;10180510;11X112111X111X
2018;21;1;0;0;XX11221112XX21
2018;20;2;0;0;X2122111111122
2018;20;1;104;41260;1221111X111112
2018;19;2;0;0;2112121112XX2X
2018;19;1;1;9393155;X21XX111211111
2018;18;2;0;0;X22111X12XX21X
2018;18;1;0;0;11X22122222111
2018;17;2;0;0;1XX221X1222112
2018;17;1;1;6350040;121111X2X2121X
2018;16;2;0;0;112221X1122212
2018;16;1;0;0;122X21X1X12221
2018;15;2;1;7936830;X11111XXXX1X21
2018;15;1;0;0;21X21X1112X111
2018;14;2;0;0;212X11X22X12XX
2018;14;1;10;1859030;2211121XX11111
2018;13;2;0;0;XX1X1X1211X1X2
2018;13;1;0;0;2X12121XX11221
2018;12;2;0;0;2211X221221122
2018;12;1;0;0;22X222X2211121
2018;11;2;0;0;2X2112X2122X11
2018;11;1;0;0;2121122221XX21
2018;10;2;1;8343820;12X11X1212X12X
2018;10;1;0;0;2X2211122111X2
2018;9;2;0;0;1X1122X2112221
2018;9;1;1;7312955;1XX1211XX111X2
2018;8;2;0;0;11X2X221121212
2018;8;1;0;0;X1X1112X12121X
2018;7;2;2;2545605;2X2112221211X1
2018;7;1;0;0;X22112222X1122
2018;6;2;15;229695;21111111111112
2018;6;1;35;1058195;X112X1112X1211
2018;5;2;0;0;22XX2X221X2X11
2018;5;1;0;0;2X211X221XX1X1
2018;4;2;0;0;21XX2X122X112X
2018;4;1;0;0;11XXX1X11XX221
2018;3;2;0;0;2111221X2112X1
2018;3;1;0;0;X121X2X111X211
2018;2;2;0;0;1X11X11X2XX111
2018;2;1;1;29007200;1111X2122XXX2X
2018;1;2;0;0;111212212111XX
2018;1;1;0;0;X1222X1X2222XX
2017;51;2;0;0;222XXX22X11121
2017;51;1;0;0;1X111121X121X1
2017;50;2;0;0;21XX1X2122112X
2017;50;1;14;1503735;2111111222X11X
2017;49;2;0;0;22XXX21XXXX1X2
2017;49;1;0;0;11221X12111211
2017;48;2;0;0;112X11X21X1X12
2017;48;1;0;0;1X2X2111112122
2017;47;2;0;0;X2112X2XX2X12X
2017;47;1;57;184570;X221122111211X
2017;46;2;0;0;212XX1X2111X11
2017;46;1;0;0;1X211XXXX21111
2017;45;1;2;3645660;22221211111221
2017;44;2;0;0;1X1222X2XX2X11
2017;44;1;0;0;1X212XX112X1X1
2017;43;2;2;1526335;11X1212X221211
2017;43;1;3;4843425;1211212122211X
2017;42;1;0;0;XX21121X21211X
2017;41;2;0;0;X1122X2X222111
2017;41;1;1;1715120;111X1122X11211
2017;40;2;70;121780;12X22221XX12X1
2017;40;1;0;0;222211XXXX1221
2017;39;2;0;0;22X22X1X2121X2
2017;39;1;1;1636755;22112X22212121
2017;38;2;54;88655;1X1211211111X1
2017;38;1;0;0;21X2221XX21122
2017;37;2;1;10923145;212XX11X2121X2
2017;37;1;0;0;121221XXX212X1
2017;36;2;0;0;1X12X1X1111212
2017;36;1;0;0;1121X2X2X1X2X2
2017;35;2;6;762330;1X111212111222
2017;35;1;0;0;1111XX2X111122
2017;34;2;2;1277190;2X111222121211
2017;34;1;3;520760;1112XX1X1111X2
2017;33;2;13;573750;22111X12122X21
2017;33;1;0;0;1111211122XX1X
2017;32;1;5;219630;111X111111221X
2017;31;2;5;2152065;X11X2111X12X1X
2017;31;1;0;0;111112121X1X2X
2017;30;2;0;0;2212121X1XX11X
2017;30;1;0;0;12X1211X111XXX
2017;29;2;0;0;X2X21211122X11
2017;29;1;1;13975660;22X21X1111X1X2
2017;28;2;0;0;X212XX2X1X2211
2017;28;1;0;0;1X2X212X22222X
2017;27;2;0;0;X1X222X21X1X11
2017;27;1;0;0;2212XXXX221211
2017;26;1;31;43100;X1212111111X21
2017;25;2;1;4382150;12X212111X1211
2017;25;1;1;1212670;2111211X12112X
2017;24;2;14;936460;1X1112121X1XX2
2017;24;1;0;0;X1111X121X1111
2017;23;1;0;0;1X111212X2111X
2017;22;2;0;0;2111X1111X11XX
2017;22;1;0;0;X21X21X11121X2
2017;21;2;48;63305;12112211121112
2017;21;1;1;1060955;X2X12X11112X12
2017;20;2;4;782645;12211X11X21112
2017;20;1;1;37543370;221X2X12122XX2
2017;19;2;0;0;2XXX22121X2211
2017;19;1;0;0;1122111X12X11X
2017;18;2;0;0;1X2X2X11XX11X2
2017;18;1;0;0;121211121X1122
2017;17;2;0;0;1X2X2111X21X21
2017;17;1;0;0;2122X11121112X
2017;16;2;0;0;1X121X1X2111X2
2017;16;1;0;0;2X1XX1X1XX1XX1
2017;15;2;0;0;2XXX11111111X2
2017;15;1;1;6946610;121221X111111X
2017;14;2;0;0;121111X21X1212
2017;14;1;0;0;X211112212X1X1
2017;13;2;1;6747775;11X11XXX2211XX
2017;13;1;0;0;2X222121112X12
2017;12;2;7;717220;111XX12111221X
2017;12;1;0;0;1X2112X22111X2
2017;11;2;10;487080;1111X22X121X21
2017;11;1;0;0;111X2X12X1111X
2017;10;2;1;5125850;112XX112211112
2017;10;1;0;0;2211XX21XX2X11
2017;9;2;1;4987770;2112112121X2X2
2017;9;1;0;0;1121211XX1X212
2017;8;2;10;1262765;X1121X21122212
2017;8;1;0;0;211X1122112XX2
2017;7;2;0;0;X112X2X222X211
2017;7;1;0;0;11122121X12212
2017;6;2;3;1190210;12121211112112
2017;6;1;18;836320;X1122X21111X12
2017;5;2;0;0;X1111111X12221
2017;5;1;0;0;X221XX12XXX222
2017;4;2;0;0;21221X2XXX112X
2017;4;1;0;0;1121X111221XX1
2017;3;2;13;350280;X21X211X221121
2017;3;1;0;0;X1XX1X11121122
2017;2;2;2;2455230;221X21111X2111
2017;2;1;0;0;1X112XX1111221
2017;1;2;5;1771780;21111222X1X11X
2017;1;1;0;0;22X2X11X21XX11
2016;52;2;24;388330;11121212211122
2016;52;1;0;0;11111222XXX2X1
2016;51;1;0;0;11XX21111XXX2X
2016;50;2;0;0;11X1221X121221
2016;50;1;3;2582640;112XX22121X111
2016;49;1;0;0;XX11212X222X21
2016;48;2;1;8495675;X2X1121121121X
2016;48;1;0;0;1X1X1X221X1X12
2016;47;2;1;13311015;11XXXX11122112
2016;47;1;0;0;221X121XXXX21X
2016;46;2;0;0;X212X2X221111X
2016;46;1;0;0;21XXX2XX111211
2016;45;2;28;123335;12X1X21211211X
2016;45;1;1;2364400;1121X111111212
2016;44;2;7;553545;X212111X22X112
2016;44;1;1;5777715;1221X1211XX1X2
2016;43;2;0;0;2X222X11211X11
2016;43;1;1;5561175;1X11112222X111
2016;42;2;0;0;12X1111111XX11
2016;42;1;3;3358515;22221XX1222121
2016;41;2;0;0;1X1XXX112212X2
2016;41;1;0;0;X121X11XX21X22
2016;40;2;1;3054765;11X1112X212221
2016;40;1;36;193470;XXX11121X11112
2016;39;2;0;0;X11X1X12212111
2016;39;1;3;2883855;X1X21121212XX1
2016;38;2;0;0;X211X221X211XX
2016;38;1;0;0;X1X2X2212X1XXX
2016;37;2;2;1742375;211112X1211111
2016;37;1;3;3152410;X11122XX2212XX
2016;36;2;0;0;11211X11122112
2016;36;1;0;0;X1XX211X1111XX
2016;35;2;4;897905;2111121XX2XX22
2016;35;1;1;13187240;12XX1122211211
2016;34;2;0;0;11211X21X1X12X
2016;34;1;0;0;21X1XX11X22XX1
2016;33;2;0;0;12212X111112X1
2016;33;1;9;5791915;2X1X21221X1211
2016;32;2;0;0;21X111X22XX122
2016;32;1;0;0;X21XXX1XXX1112
2016;31;2;0;0;X22222112X21X2
2016;31;1;0;0;12X11111211X21
2016;30;2;0;0;1X111XX12212XX
2016;30;1;0;0;XX2XXX11X1X2X1
2016;29;2;0;0;122XXX12221211
2016;29;1;0;0;21XX11121121XX
2016;28;2;0;0;X11X112XXXXX11
2016;28;1;1;9642410;2111X211X12XX2
2016;27;2;0;0;212112X11X121X
2016;27;1;0;0;12221X111122X2
2016;26;2;0;0;XX1X211111X111
2016;26;1;7;799775;1111111221221X
2016;25;2;0;0;X1X1121112212X
2016;25;1;1;23578790;X22121221X1222
2016;24;2;0;0;X1X21111211X1X
2016;24;1;0;0;2XX121211X1X2X
2016;23;2;0;0;21X2112121X111
2016;23;1;0;0;21111X1121X112
2016;22;2;0;0;12X1211X2X2X21
2016;22;1;0;0;2X11121122X211
2016;21;2;4;7489335;X1121211212111
2016;21;1;0;0;21X211XXXX1111
2016;20;2;0;0;XXX2XX1XXX1X2X
2016;20;1;0;0;21122X22X221X2
2016;19;2;0;0;X1X12221121212
2016;19;1;0;0;111221221121XX
2016;18;2;0;0;2212X12121X21X
2016;18;1;1;7063640;1111111X2X1X11
2016;17;2;0;0;X1X22112X1X1X1
2016;17;1;1;7080855;X1XX2XX11121X1
2016;16;2;0;0;222211X1211212
2016;16;1;41;77835;21111111X21121
2016;15;2;3;6559150;111111221X1112
2016;15;1;0;0;111XX212X12121
2016;14;2;0;0;2122XX22111212
2016;14;1;0;0;11X1X121X1212X
2016;13;2;0;0;21112X11X111X2
2016;13;1;1;4962200;12X211X211112X
2016;12;2;0;0;X1112X21212X1X
2016;12;1;3;3142145;1111X11112XXX2
2016;11;2;0;0;221XX1222X2X1X
2016;11;1;0;0;X1XX11X121212X
2016;10;2;2;2350950;1121111X1XX212
2016;10;1;7;983575;1122XX1X1111X1
2016;9;2;0;0;X2XX111X11X211
2016;9;1;1;9296115;12212112121111
2016;8;2;0;0;222XX11X21X1X1
2016;8;1;1;2757215;X22XXX1211X112
2016;7;2;1;8564995;X11112X212X211
2016;7;1;0;0;1122X1111XX2X2
2016;6;2;3;4836825;1211X112112121
2016;6;1;0;0;222XXX1XX222X1
2016;5;2;0;0;X212XXXXX21XX1
2016;5;1;24;98500;X12211X2111X22
2016;4;2;29;516530;1X11X2XX12X1X1
2016;4;1;0;0;21XX11X12X2121
2016;3;2;0;0;X2X2122X1X1211
2016;3;1;0;0;21X1121121X2X2
2016;2;2;1;21485675;X1111X2X1XX211
2016;2;1;0;0;X21XX11221221X
2016;1;2;0;0;12X22222211122
2016;1;1;0;0;21X1X22X211221
2015;53;2;0;0;1X111122XX112X
2015;53;1;1;5746795;X21X12121X2112
2015;52;1;0;0;1XXX1112111111
2015;51;2;2;11273435;21221112112222
2015;51;1;0;0;122X221X212111
2015;50;2;0;0;2121X111X2XX11
2015;50;1;0;0;1111X211XX2221
2015;49;2;0;0;12X212X22X111X
2015;49;1;1;8254370;1X222112112222
2015;48;2;0;0;111X21XX121X12
2015;48;1;0;0;111222X222X111
2015;47;2;4;5114995;2211221X12X1X1
2015;47;1;0;0;XX222X112211X1
2015;46;2;0;0;1111221112X122
2015;46;1;0;0;2211X1111111X2
2015;45;2;0;0;12X1XX1X212121
2015;45;1;26;285835;11111X21112121
2015;44;2;0;0;2XXX21121111X2
2015;44;1;23;76500;21112221211112
2015;43;2;99;164630;112211X11212X1
2015;43;1;0;0;12XX1111X11X1X
2015;42;2;0;0;212X12211X111X
2015;42;1;0;0;1221121111221X
2015;41;2;1;24141375;1X222121222X11
2015;41;1;0;0;11X1X211221122
2015;40;2;0;0;111X1X2112X11X
2015;40;1;0;0;11211122211212
2015;39;2;0;0;222X22XX111222
2015;39;1;0;0;112111X21X1X11
2015;38;2;3;4039335;21X1221112X221
2015;38;1;0;0;2111211112X2XX
2015;37;2;0;0;212X2111212XX1
2015;37;1;1;2223205;122X11221XX1X2
2015;36;2;10;752605;11111X2112X111
2015;36;1;0;0;X21X122122X112
2015;35;2;1;9949240;1121X2111112X2
2015;35;1;0;0;1X11X1122X12X1
2015;34;2;0;0;2XXX21222X1211
2015;34;1;2;17496525;11111X22XXX111
2015;33;2;0;0;212X2112XX1221
2015;33;1;0;0;XXX1XX1XX11222
2015;32;2;0;0;2112X12112X11X
2015;32;1;0;0;1111121121X211
2015;31;2;0;0;X1222111X21X21
2015;31;1;0;0;2X1XX1122X1112
2015;30;2;0;0;X221X21111X222
2015;30;1;0;0;2X211222X212X1
2015;29;2;0;0;X1XXXX1211X121
2015;29;1;4;2829460;212112X121XX11
2015;28;2;0;0;X111X1X2112X22
2015;28;1;0;0;2X1XXX1X121221
2015;27;2;0;0;1X112X1X11X1XX
2015;27;1;2;3047110;1X11121111112X
2015;26;2;0;0;X11XX12XX21121
2015;26;1;0;0;2X2X1X11111211
2015;25;2;1;8510095;212XX2XX12X1X1
2015;25;1;0;0;1X111X2X2X1212
2015;24;2;0;0;2X21X122211X21
2015;24;1;1;1701700;X2X1XX1X1XX112
2015;23;2;1;4188310;21X122X211XX11
2015;23;1;2;8583265;12111X11X222XX
2015;22;2;0;0;121112211X11X2
2015;22;1;0;0;2X22121111XX2X
2015;21;2;0;0;12111112X211X1
2015;21;1;0;0;11X11111X121XX
2015;20;2;1;41033915;11211X112221X1
2015;20;1;0;0;11121X2X11122X
2015;19;2;0;0;X1211X21X122X2
2015;19;1;0;0;111X1X12X11121
2015;18;2;0;0;11XX22X2211XX1
2015;18;1;0;0;X212212XX2X122
2015;17;2;0;0;1X112XX1111XX1
2015;17;1;1;5932945;11X121XX212211
2015;16;2;0;0;211X211X111X2X
2015;16;1;1;1878270;X11X12111X2212
2015;15;2;1;6581165;X11X22112X111X
2015;15;1;0;0;XX122221111X2X
2015;14;2;39;519890;21X21XX12X2112
2015;14;1;0;0;X1X2XX12121121
2015;13;2;0;0;1X12X1X1211X1X
2015;13;1;0;0;1X1112X2X12111
2015;12;2;0;0;212X21121X1X21
2015;12;1;1;14121985;2112X2XX121122
2015;11;2;0;0;2X121X112X1X1X
2015;11;1;0;0;21X1111111X211
2015;10;2;0;0;21X12X12XX1X1X
2015;10;1;4;2331155;2121121212X122
2015;9;2;0;0;111112X22111XX
2015;9;1;0;0;211111122122X2
2015;8;2;2;2315530;2XX1XXX111X12X
2015;8;1;3;2872655;2XX2X2121X11XX
2015;7;2;0;0;121111221XX222
2015;7;1;6;383150;111211X21X111X
2015;6;2;23;2631810;1222111XX1211X
2015;6;1;0;0;22X1XXX2222211
2015;5;2;0;0;X122X11XX1X211
2015;5;1;0;0;222X11X1XXX222
2015;4;2;0;0;22222XX21221XX
2015;4;1;0;0;X11111X11111X1
2015;3;2;0;0;22212XX22XX222
2015;3;1;0;0;1121X1XX121112
2015;2;2;0;0;X12XX11111XXX1
2015;2;1;0;0;X2X1X12XX21111
2015;1;2;2;4508655;12X2111X121111
2015;1;1;0;0;XX1X1XX1X11211
2014;52;2;0;0;XXX2XX122X2111
2014;52;1;5;1734145;12222121221121
2014;51;2;0;0;1X1XX12XXX1XX2
2014;51;1;56;198770;X1X22211112XX1
2014;50;2;0;0;212XXX1XX22211
2014;50;1;1;9711885;XX1XX211X12112
2014;49;2;0;0;12212X111XX212
2014;49;1;0;0;1X2121X22X2XX1
2014;48;2;52;90680;2111111X121122
2014;48;1;2;5141605;1212121122X211
2014;47;2;0;0;2121X2X12222XX
2014;47;1;0;0;2212211X112122
2014;46;2;108;57400;112211X1X2111X
2014;46;1;0;0;X122111222111X
2014;45;2;1;5213200;2X112111X12X11
2014;45;1;2;1634285;11121X11221X12
2014;44;2;1;3884400;12112112112112
2014;44;1;1;9839945;X2221111XX1111
2014;43;2;0;0;1221111XX121XX
2014;43;1;33;779245;221121111X1222
2014;42;2;0;0;11122X1X11X22X
2014;42;1;0;0;2X2221X1212X2X
2014;41;2;0;0;X1X11XX121X212
2014;41;1;0;0;21211X21111X2X
2014;40;2;2;16032580;1X211X11X21111
2014;40;1;0;0;1XXX2X1X121121
2014;39;2;0;0;21X112122XX2X2
2014;39;1;0;0;X1111X211X12XX
2014;38;2;0;0;XX211X211212XX
2014;38;1;0;0;11111121XXX111
2014;37;2;3;5899850;112111221X1122
2014;37;1;0;0;2112112X112122
2014;36;2;0;0;2211222XX1112X
2014;36;1;17;435520;22211111112221
2014;35;2;0;0;122XXXX22211X2
2014;35;1;6;1717920;11111212X22X11
2014;34;2;0;0;21X1X1XX12X1X2
2014;34;1;0;0;XXX211XXX22122
2014;33;2;1;20908305;X22X211211X211
2014;33;1;0;0;112122X2X2X121
2014;32;2;0;0;21XX222121XX12
2014;32;1;0;0;12XX11X1112X2X
2014;31;2;0;0;XX11X1XX12XXX1
2014;31;1;0;0;X11XX22X2111XX
2014;30;2;4;5723610;12112X11121X21
2014;30;1;0;0;21222112222XX2
2014;29;2;0;0;1121XX1X2XX111
2014;29;1;0;0;X2X22X2111X212
2014;28;2;0;0;2X2X2X1X1XXX1X
2014;28;1;2;16283820;2X2X2X221122X1
2014;27;2;0;0;1XXX11112222X1
2014;27;1;0;0;XX2X112X1XX11X
2014;26;2;0;0;X1122X1121212X
2014;26;1;0;0;21X212X2222212
2014;25;2;0;0;1X11212222211X
2014;25;1;0;0;1XX22XX21X2222
2014;24;2;1;10796225;12211111111221
2014;24;1;0;0;1X12X2XXX1212X
2014;23;2;0;0;111X111XX2122X
2014;23;1;1;30589480;21X2112XX11111
2014;22;2;0;0;X111XX1X1X21XX
2014;22;1;0;0;1X11X2212X11X1
2014;21;2;0;0;X21X1X1XX2122X
2014;21;1;0;0;111X112121XXX1
2014;20;2;0;0;XXX111X111112X
2014;20;1;0;0;X1X2222X11111X
2014;19;2;216;106800;11111121111222
2014;19;1;0;0;111X21X111X111
2014;18;2;0;0;212122212211X1
2014;18;1;0;0;22211222XX1221
2014;17;2;0;0;1X1XX122X12212
2014;17;1;0;0;11X112X1111211
2014;16;2;4;2196625;1XX21221X12211
2014;16;1;0;0;11X112X1X22112
2014;15;2;31;478795;X1111211121211
2014;15;1;0;0;1111212221X121
2014;14;2;0;0;1211X1X2X11211
2014;14;1;6;1946475;11X2211X112112
2014;13;2;0;0;XX12112121XX11
2014;13;1;1;43825380;112X1212111111
2014;12;2;0;0;2211X1222222X2
2014;12;1;0;0;12X1X1X211X22X
2014;11;2;0;0;222X1122221222
2014;11;1;0;0;11X2X1X211122X
2014;10;2;0;0;21XXX222111121
2014;10;1;0;0;221XXXX1221111
2014;9;2;0;0;211XX111XX21X2
2014;9;1;1;25202260;2X2XX111XX2112
2014;8;2;0;0;1X21X22X2X1111
2014;8;1;0;0;22X122122XXX2X
2014;7;2;0;0;11111X2221X121
2014;7;1;0;0;2XX22X1XX12X2X
2014;6;2;13;451480;21X1222111XX1X
2014;6;1;3;3247775;1X22122XX21111
2014;5;2;0;0;1112121X12111X
2014;5;1;0;0;1XX111X1121221
2014;4;2;1;17008970;X12212XX22X1X1
2014;4;1;0;0;12212121122212
2014;3;2;0;0;1112X211121X21
2014;3;1;288;8895;11111211211112
2014;2;2;31;377905;X2111122XX1221
2014;2;1;0;0;1121122X111X11
2014;1;2;0;0;12X12211212X11
2014;1;1;1;2935825;1X112X21X221X2
2013;52;2;35;208360;12X1X121XX1211
2013;52;1;0;0;2221212X11XXX1
2013;51;2;1;17653090;2211XXX121X221
2013;51;1;0;0;212X21111121X2
2013;50;2;0;0;11XXX112211121
2013;50;1;1;8426035;1122112112111X
2013;49;2;0;0;21212222XXX11X
2013;49;1;1;11423190;21121122X21212
2013;48;2;0;0;21XX111XX2XXX1
2013;48;1;7;3076015;11X11222111112
2013;47;2;0;0;2XX1212X2X121X
2013;47;1;0;0;X1211X1X221222
2013;46;2;0;0;X1111121X2XXXX
2013;46;1;1;1674030;21111111X12121
2013;45;2;2;7592625;111121121XX111
2013;45;1;0;0;XXX1X21X111112
2013;44;2;0;0;1221221122122X
2013;44;1;1;2889445;21XXX2X111X2X1
2013;43;2;28;218915;21121211111121
2013;43;1;3;4136515;22222X12111X21
2013;42;2;0;0;112XX1X211111X
2013;42;1;0;0;21X1X21X2X1111
2013;41;2;426;29905;11X22111111X11
2013;41;1;0;0;12212X2221112X
2013;40;2;0;0;X11X2X21X1XX21
2013;40;1;2;1362765;211222X12XX112
2013;39;2;4;6786720;1111XXX2212XX2
2013;39;1;0;0;111121X12XX21X
2013;38;2;0;0;2X22XX211211X2
2013;38;1;0;0;1122X222121111
2013;37;2;0;0;21112111XX1X12
2013;37;1;25;424690;2212111X2121X1
2013;36;2;0;0;1X22XX2211XX22
2013;36;1;0;0;XXX11X12111X21
2013;35;2;521;14430;11111221111122
2013;35;1;0;0;1112X22XX11222
2013;34;2;4;1437930;1111211212111X
2013;34;1;0;0;212XX222XX1X1X
2013;33;2;1;7658355;2122121X122112
2013;33;1;0;0;XX112X211X1X12
2013;32;2;8;838485;2111X21X211112
2013;32;1;0;0;1X2XX1X212X2X1
2013;31;2;1;2956180;1121221X12X222
2013;31;1;2;22168780;XX1X122XX11211
2013;30;2;0;0;1X1211211X11X2
2013;30;1;0;0;11X11121X2222X
2013;29;2;0;0;12XXX2122121X1
2013;29;1;0;0;2122X12X2X1112
2013;28;2;0;0;1121X1122XX2X1
2013;28;1;0;0;X1211XX1221212
2013;27;2;0;0;1X122X2121121X
2013;27;1;0;0;22XXX12222122X
2013;26;2;0;0;12111X2X1X11X1
2013;26;1;0;0;1X1121122X111X
2013;25;2;5;1184815;12111X21X112X2
2013;25;1;0;0;11111112XX2222
2013;24;2;6;2200140;11XX11X1221121
2013;24;1;0;0;X21X21X1111X21
2013;23;2;0;0;2XX21X1221X21X
2013;23;1;1;2363840;11211X12121111
2013;22;2;1;4525310;11121X1X11211X
2013;22;1;1;37798765;21X212X21211X2
2013;21;2;0;0;222XX111X1112X
2013;21;1;0;0;12111XX1X21121
2013;20;2;0;0;221X212X222111
2013;20;1;0;0;22X11211112X21
2013;19;2;0;0;11222XX21X1X22
2013;19;1;0;0;2222X22X12X211
2013;18;2;0;0;2X2XXX12111X21
2013;18;1;5;445420;12X1X1112X2211
2013;17;2;12;3369780;1112X1X21221X1
2013;17;1;0;0;1121111211XX12
2013;16;2;0;0;21112111X11X21
2013;16;1;0;0;11X111X1X222X2
2013;15;2;0;0;1X22XX11212X2X
2013;15;1;0;0;11X22X21122X1X
2013;14;2;0;0;22X1121X1XX112
2013;14;1;0;0;X112X22X1211X1
2013;13;2;2;2892680;21X11X2X122112
2013;13;1;3;4250130;X1X112X1X2X11X
2013;12;2;0;0;X122X112X2211X
2013;12;1;0;0;21XX122X21X21X
2013;11;2;4;8789465;11XX2212112111
2013;11;1;0;0;12211X1X12X111
2013;10;2;0;0;1112XX2X1121X2
2013;10;1;0;0;211XX1X21211X1
2013;9;2;0;0;1122X12X12121X
2013;9;1;0;0;221112111122XX
2013;8;2;3;1794275;11X1X1XX12X11X
2013;8;1;1;57145865;1X2222X11X1X11
2013;7;2;0;0;X11121X2X11X11
2013;7;1;0;0;XX11222X2X1XX1
2013;6;2;0;0;2X212X1X1XX111
2013;6;1;0;0;1211X2X2111112
2013;5;2;0;0;221121212111X1
2013;5;1;0;0;1XXX2X1X11X11X
2013;4;2;0;0;X211X122XX122X
2013;4;1;0;0;X1X1X11XX11X1X
2013;3;2;28;205550;111XX2XX1X11XX
2013;3;1;0;0;1X22X2X211XXXX
2013;2;2;5;951425;2X11211X1111X2
2013;2;1;5;267050;1121111211111X
2013;1;2;1;4726460;12XXX111211121
2013;1;1;10;93050;1X11221X11111X
2012;52;2;1;5753060;12221XX2211X11
2012;52;1;0;0;121X2X1211X221
2012;51;2;3;1798265;2X221121X12111
2012;51;1;0;0;22211111X1X222
2012;50;2;2;3611755;111222X1111121
2012;50;1;0;0;222X1111X21X21
2012;49;2;5;1220970;22111111122211
2012;49;1;0;0;1X12X11112122X
2012;48;2;13;652385;1X112X2X11211X
2012;48;1;0;0;X21121121XX121
2012;47;2;0;0;21XXX1X21X21X1
2012;47;1;25;343470;12X111X221112X
2012;46;2;0;0;X12112112XXXX1
2012;46;1;0;0;221X22X12222XX
2012;45;2;1;26595620;1121221X2X2211
2012;45;1;0;0;XXX1XX11111112
2012;44;2;0;0;X1X11211121XX1
2012;44;1;0;0;11111X1X1X112X
2012;43;2;0;0;211X1221221X22
2012;43;1;0;0;1211122111XX11
2012;42;2;0;0;22X121X2111112
2012;42;1;0;0;12X221211X1X12
2012;41;2;1;5669400;22X2X2X2X12111
2012;41;1;0;0;112XX1221211X2
2012;40;2;20;157880;112111XX12122X
2012;40;1;1;2598185;22X1122211X2X1
2012;39;2;2;7796475;221111222X1121
2012;39;1;0;0;X212221XXX1122
2012;38;2;0;0;211XX1121XX2X2
2012;38;1;4;1223835;12122X111X112X
2012;37;2;0;0;1121X211222122
2012;37;1;2;976360;211112X1X12X2X
2012;36;2;1;3386170;12X22X2221X111
2012;36;1;0;0;XX2121X2X112X1
2012;35;2;7;1355555;1X11X212211221
2012;35;1;0;0;1X2XX112X12121
2012;34;2;0;0;122212XX12X222
2012;34;1;4;4712635;1111111XX1111X
2012;33;2;0;0;2111X112X1121X
2012;33;1;0;0;X22X22112X11X2
2012;32;2;0;0;11X1122X222221
2012;32;1;0;0;221222X21122X2
2012;31;2;0;0;221X1122112X12
2012;31;1;0;0;X21XX2111XXXX1
2012;30;2;0;0;X21222X1111121
2012;30;1;1;7406830;111X111221X12X
2012;29;2;0;0;212212X1X22121
2012;29;1;0;0;111111X2X1X112
2012;28;2;0;0;11X121XX2X2112
2012;28;1;4;5702540;X2X1X1111X1111
2012;27;2;0;0;1XX12211XX1111
2012;27;1;0;0;1X21X11XXX1122
2012;26;2;0;0;21211X21122211
2012;26;1;0;0;X1X112X1X12112
2012;25;2;0;0;11211X2X222XXX
2012;25;1;0;0;1221111X22121X
2012;24;2;0;0;212112111X1111
2012;24;1;0;0;2X22X1X12X2121
2012;23;2;0;0;21X2212X111211
2012;23;1;1;4365570;11X11121X111XX
2012;22;2;0;0;11X121X2XXX212
2012;22;1;9;709000;1121211111X211
2012;21;2;0;0;211X11121X22X1
2012;21;1;0;0;X1X11X11X11222
2012;20;2;1;4989465;X1122212112212
2012;20;1;0;0;X122111211XX2X
2012;19;2;116;46945;1X111211211121
2012;19;1;0;0;1X11112X221122
2012;18;2;4;1333275;221211121X1211
2012;18;1;0;0;121212222XXX11
2012;17;2;18;1129685;21X11X121X2121
2012;17;1;0;0;X122111X222221
2012;16;2;0;0;222XX21X11X22X
2012;16;1;0;0;11X11XXX2111X1
2012;15;2;0;0;2X12X12X112X22
2012;15;1;1;8677335;11111X11121122
2012;14;2;0;0;2X121X112X1X1X
2012;14;1;6;2057765;1111221111X1X2
2012;13;2;0;0;2222121XX11111
2012;13;1;0;0;22212XX21X212X
2012;12;2;0;0;1221X1121XX1X1
2012;12;1;0;0;1222X1221X211X
2012;11;2;1;3196965;112222212221XX
2012;11;1;22;964175;11111111X11122
2012;10;2;0;0;11X1X1111211X2
2012;10;1;0;0;11121X1XXXXXX1
2012;9;2;0;0;1XX112112X222X
2012;9;1;0;0;XX22X2222XXX12
2012;8;2;0;0;2112211X112112
2012;8;1;0;0;11112212121X12
2012;7;2;2;5044360;21221X11221X11
2012;7;1;0;0;2111XX1212X21X
2012;6;2;0;0;111XX121212221
2012;6;1;4;3852865;2X222212X11122
2012;5;2;0;0;XX2XXXX2211XXX
2012;5;1;0;0;X1X1X1X12112XX
2012;4;2;0;0;112XX2121X1112
2012;4;1;0;0;1211X1X111112X
2012;3;2;765;12235;111X211212X211
2012;3;1;0;0;212X1X112XX112
2012;2;2;1;5661790;1X1XX111121X12
2012;2;1;3;588625;1X211211211211
2012;1;2;1;3580880;111121122221XX
2012;1;1;1;10512720;X11111X1112121
2011;52;1;0;0;1X2XXX2111X211
2011;51;2;0;0;12X1XX21X121XX
2011;51;1;2;7731015;1112X1XX112X22
2011;50;2;0;0;2X21X1X111212X
2011;50;1;0;0;X21X11121X2121
2011;49;2;0;0;111X2XX2221X1X
2011;49;1;0;0;1X21X1X212X122
2011;48;2;3;2695415;1XXXXX1122111X
2011;48;1;0;0;212XXX11XX2122
2011;47;2;2;11095065;1X11X111X2121X
2011;47;1;0;0;11X2XX1X111222
2011;46;2;0;0;112X21121XX112
2011;46;1;0;0;1112121XXX2X12
2011;45;2;0;0;X21212XX12X1X1
2011;45;1;0;0;1XX122X122X121
2011;44;2;2;1744145;112X2XX2211112
2011;44;1;4;592830;211XX1121X1111
2011;43;2;2;1963030;11X2121X212112
2011;43;1;3;1924950;1X211X1X122X1X
2011;42;2;0;0;XX1212X2X211X2
2011;42;1;11;725035;1X22221112X111
2011;41;2;0;0;1X211221112XX1
2011;41;1;0;0;X1121111121X12
2011;40;2;21;275090;22X21X121X1112
2011;40;1;0;0;X21XX2X21X1X1X
2011;39;2;1;4113010;11X1X112122111
2011;39;1;1;1799150;11X11X112111XX
2011;38;2;38;302280;11211112X1XXX2
2011;38;1;0;0;X11221X1X211XX
2011;37;2;0;0;X22X11121X2121
2011;37;1;0;0;1XX211X2X2XX2X
2011;36;2;1;4076475;12211121112221
2011;36;1;67;28205;22111XXX11111X
2011;35;2;2;2771145;1212X22121221X
2011;35;1;0;0;2XXX11X2X22211
2011;34;2;5;1016090;21212XX1111221
2011;34;1;2;12201740;11211X11222212
2011;33;2;0;0;12121X22122X2X
2011;33;1;0;0;1X2X111111X221
2011;32;2;0;0;2X1212XX1XX21X
2011;32;1;0;0;112211X1X2X1XX
2011;31;2;0;0;2X11121222XX21
2011;31;1;0;0;X11211XXX2X2X1
2011;30;2;0;0;X2XX1112121212
2011;30;1;1;15733595;1X1X122XXXX1X1
2011;29;2;0;0;21XX2X2X2X2121
2011;29;1;0;0;1111X2121XX111
2011;28;2;0;0;1211122X111111
2011;28;1;31;343795;112X11X1211XX2
2011;27;2;0;0;X11X1X121X1X11
2011;27;1;0;0;1111X22211X1X2
2011;26;2;0;0;21X1X11111212X
2011;26;1;2;5097410;X121121X211221
2011;25;2;0;0;1111221211X21X
2011;25;1;0;0;1XX211X21X1XX1
2011;24;2;0;0;222221X22X11X1
2011;24;1;2;2270385;11111X12111122
2011;23;2;0;0;XXX1112112X1X1
2011;23;1;25;65675;21121X112XX11X
2011;22;2;1;3522690;2122XX1XX221X2
2011;22;1;0;0;11X11XX2121X11
2011;21;2;11;547115;1221X121X21112
2011;21;1;0;0;2122X11X22111X
2011;20;2;2;8502935;2121X11112X2XX
2011;20;1;0;0;1121X2111111X1
2011;19;2;0;0;1112X12112111X
2011;19;1;0;0;X1111XX1XX11X1
2011;18;2;0;0;1X2221212X1111
2011;18;1;0;0;X21X211X21X111
2011;17;2;7;659140;11222112111111
2011;17;1;41;362825;22112111211111
2011;16;2;0;0;1122X221X2111X
2011;16;1;0;0;22X1X1222XX12X
2011;15;2;0;0;2X2X11211XX1X2
2011;15;1;0;0;121221X2X22X2X
2011;14;2;8;2400400;11X1X211121122
2011;14;1;0;0;21211111X11X11
2011;13;2;0;0;1X12XX1X111X12
2011;13;1;0;0;1XX22X222XX1X2
2011;12;2;0;0;22121X2X1X1XXX
2011;12;1;0;0;1X1X12X2X11X21
2011;11;2;12;1289070;21112X1X11X111
2011;11;1;0;0;21X1X211X112X1
2011;10;2;0;0;11112X221XX212
2011;10;1;0;0;111X2X22X12111
2011;9;2;1;8819760;X1111122211X11
2011;9;1;0;0;1211121XXX1112
2011;8;2;2;4552095;122XX22X2XX122
2011;8;1;0;0;2X2X11211X11X2
2011;7;2;9;926410;1111X2111121X1
2011;7;1;0;0;2X2122212XX2XX
2011;6;1;1;18959630;12122X1X122211
2011;5;1;0;0;11X112XX12XX21
2011;4;1;0;0;21212222122112
2011;3;1;0;0;1XX221211X21XX
2011;2;1;1;13338195;11X22XX11121XX
2011;1;1;0;0;121X122XX12X21
2010;52;1;13;1594100;21111112X11122
2010;51;1;0;0;22X1X122111122
2010;50;1;0;0;2111X2X221X111
2010;49;1;0;0;12XX11121XX21X
2010;48;1;8;644790;112XX112X11212
2010;47;1;2;9767920;11X111XXX1X111
2010;46;1;0;0;221221X21121XX
2010;45;1;0;0;X2X2X2211X11X2
2010;44;1;0;0;111X121X212111
2010;43;1;2;5274225;21121221222211
2010;42;1;0;0;X1121X21XX112X
2010;41;1;40;1386730;1121X221121111
2010;40;1;0;0;122XX211221112
2010;39;1;0;0;111X121X2X211X
2010;38;1;0;0;212X2112XX1X22
2010;37;1;0;0;X2X11XX22X2212
2010;36;1;0;0;11XX2X1111111X
2010;35;1;0;0;121222X2X11XX2
2010;34;1;0;0;122222222X1X11
2010;33;1;0;0;11112X111221X2
2010;32;1;40;166360;122222211XX11X
2010;31;1;0;0;122122122X21X1
2010;30;1;1;6921055;111XX11X1XX11X
2010;29;1;0;0;2212211X222X12
2010;28;1;1;13290615;X2111XX11XX211
2010;27;1;0;0;X21221XXX22212
2010;26;1;0;0;2211X221X12122
2010;25;1;1;11264620;1X111X2X2X21X2
2010;24;1;0;0;1X22X222X11111
2010;23;1;0;0;11X222122111X1
2010;22;1;143;24305;111111X1X11X11
2010;21;1;1;5522905;2X1111111XXX12
2010;20;1;6;752125;22XX11212XX11X
2010;19;1;56;218220;2221X12111121X
2010;18;1;0;0;2X12XXX111121X
2010;17;1;1;22323975;1X211XX2X12X22
2010;16;1;0;0;21XX21111121X2
2010;15;1;0;0;121121XXX12112
2010;14;1;0;0;11221X222X11X1
2010;13;1;3;13474560;112211221XX11X
2010;12;1;0;0;212X22X11X1111
2010;11;1;0;0;111X11X21X1X11
2010;10;1;0;0;221212121X2X11
2010;9;1;0;0;X21X11122X111X
2010;8;1;0;0;X22X1X21X1X122
2010;7;1;0;0;1X2X2X11X211X2
2010;6;1;29;372760;12X1211111112X
2010;5;1;0;0;XX1X2212XX1112
2010;4;1;1;15126710;12X1111XXX212X
2010;3;1;0;0;X21X1X222X2121
2010;2;1;1;5340475;1121211X112112
2010;1;1;4;2456160;XXXX11211111X2
2009;53;1;0;0;1211X1221X1X1X
2009;52;1;22;1802690;XX1X1XX11X1112
2009;51;1;0;0;11X21111112111
2009;50;1;0;0;22X12X21X1122X
2009;49;1;0;0;11XXXXX1111111
2009;48;1;0;0;X22X1121211222
2009;47;1;0;0;221X2XX2221X11
2009;46;1;2;2998620;X21111XX221211
2009;45;1;1;18014240;X221XXX221221X
2009;44;1;0;0;22XXXX221121X1
2009;43;1;0;0;111X2X11212212
2009;42;1;46;107070;112X11211X2X11
2009;41;1;8;2351060;1111212121111X
2009;40;1;0;0;XX1112221XX111
2009;39;1;0;0;122211112XXX11
2009;38;1;3;1929535;1X22X2XX2X1111
2009;37;1;1;5293855;122211121X12X2
2009;36;1;6;3759720;2X1XX211X122X2
2009;35;1;0;0;11X212X2122211
2009;34;1;0;0;1X2X12122X1111
2009;33;1;0;0;XX1X2111122211
2009;32;1;0;0;211XX2XX121X1X
2009;31;1;11;811465;22222X2X222112
2009;30;1;0;0;X121221111XX21
2009;29;1;1;16865450;1X12112212111X
2009;28;1;0;0;11XXX1112X2221
2009;27;1;0;0;111XX22212XX11
2009;26;1;0;0;11X12X1XX122X2
2009;25;1;1;8772870;22XX111XXXX122
2009;24;1;0;0;12111X211XX1X2
2009;23;1;7;879945;222X21XX2X1212
2009;22;1;68;260225;12121111XX11X1
2009;21;1;0;0;1X121XX211X222
2009;20;1;0;0;12122XX1111XX1
2009;19;1;2;2351130;21111112X2X21X
2009;18;1;1;21294400;1X2211X121XX11
2009;17;1;0;0;21112111121XX1
2009;16;1;0;0;2222X1112X111X
2009;15;1;1;13193530;21X1X1111212X1
2009;14;1;0;0;2112112X2X1X12
2009;13;1;1;8732715;22XX1X2222X211
2009;12;1;1;7112785;121XX12121112X
2009;11;1;12;4271020;2XX11112XX2121
2009;10;1;0;0;12X111XXX22212
2009;9;1;0;0;X211X2211X21XX
2009;8;1;0;0;2121X121221212
2009;7;1;0;0;1X2X1XX1X1XXX1
2009;6;1;0;0;X12X11112X211X
2009;5;1;0;0;X111X12X21XX12
2009;4;1;1;24625090;X1XX212X2X2111
2009;3;1;0;0;2122111121222X
2009;2;1;0;0;1XX11XX21112XX
2009;1;1;0;0;1XXX2X2X211112
2008;52;1;1;14475770;2121X11X11X1XX
2008;51;1;0;0;12X1122X12X211
2008;50;1;1;4919340;211X1XXX111XX1
2008;49;1;8;1785500;X2112121222122
2008;48;1;0;0;11122XX1111221
2008;47;1;0;0;121211111XX2XX
2008;46;1;1;10616350;11111XX1211121
2008;45;1;0;0;2X1X1X121X211X
2008;44;1;1;12176930;112112X22111X1
2008;43;1;0;0;12XXX1112X2122
2008;42;1;3;2142295;X212121X211111
2008;41;1;263;53835;1X11121XX1X1X1
2008;40;1;0;0;X2212XX121212X
2008;39;1;1;7239005;211112X1X12121
2008;38;1;8;736595;21211111212XX1
2008;37;1;2;9152310;12X1XX11111111
2008;36;1;0;0;XX2XX12111X1X2
2008;35;1;0;0;22111X111X22XX
2008;34;1;0;0;XX1X12XX12121X
2008;33;1;1;5516205;X22112211211X2
2008;32;1;55;86640;2221X121X22112
2008;31;1;3;1014255;121XX11X111112
2008;30;1;8;439415;2X1112111112X1
2008;29;1;3;1338020;X12X1112112111
2008;28;1;2;8254645;211X1222221XX1
2008;27;1;0;0;2212XX2XX12111
2008;26;1;0;0;11212211XXX212
2008;25;1;0;0;XX121X2212X2XX
2008;24;1;2;4191315;2211122X11X111
2008;23;1;0;0;2121X12211X111
2008;22;1;10;878880;11XX11X11X2X1X
2008;21;1;0;0;1111X121XX2222
2008;20;1;4;5730555;12211122XXX221
2008;19;1;0;0;X112122112XX11
2008;18;1;0;0;1112X11121211X
2008;17;1;6;3542530;X12XXXXX112X11
2008;16;1;0;0;X2X1X121112122
2008;15;1;0;0;X11212111X1211
2008;14;1;26;899005;122111111121X1
2008;13;1;0;0;X2XX2XXXX22211
2008;12;1;0;0;1XX1XX21212211
2008;11;1;0;0;X11X2X21X11111
2008;10;1;6;2981245;12X111XX212212
2008;9;1;0;0;1111X2111X2X11
2008;8;1;0;0;21111XXX1121X1
2008;7;1;94;206160;1221X11X112112
2008;6;1;0;0;XXX212XX1112X2
2008;5;1;0;0;22XX21211X11X2
2008;4;1;21;330300;X2X111X1X21XX2
2008;3;1;10;2856260;22211XX21122X2
2008;2;1;0;0;1X1XX222212221
2008;1;1;0;0;222X122X1X22XX
2007;52;1;0;0;X12111222X2XXX
2007;51;1;36;196710;11111XXX1XX112
2007;50;1;2;9667040;11XX11212XX212
2007;49;1;0;0;XXXX1111111X11
2007;48;1;2;3643615;11212X1X21X212
2007;47;1;2;3018343;11222112122XX1
2007;46;1;2;18382203;12121X11111121
2007;45;1;0;0;1X11X111221XX2
2007;44;1;0;0;X11112112X2XXX
2007;43;1;0;0;X1XX11X21122XX
2007;42;1;0;0;211X1XXX2122XX
2007;41;1;2;4074760;1X12XX1X1221X1
2007;40;1;1;40877715;22X22111X1X212
2007;39;1;0;0;1XX12112122X12
2007;38;1;0;0;111122X122XX1X
2007;37;1;0;0;X111X122X1XX22
2007;36;1;0;0;12XXXX211XX21X
2007;35;1;1;4392526;1X1112X121212X
2007;34;1;19;703931;1111211XX12X22
2007;33;1;0;0;X22121212XX1X2
2007;32;1;0;0;1X12X2222X2221
2007;31;1;4;1382737;X1XXX22X221222
2007;30;1;5;4187772;111111X212X11X
2007;29;1;0;0;12112111XX2XXX
2007;28;1;0;0;1112221X221221
2007;27;1;0;0;211221XX21X121
2007;26;1;0;0;112222X2121X11
2007;25;1;2;2294309;112XX211112112
2007;24;1;3;4287161;112222X2X12211
2007;23;1;0;0;2X2221XX11X21X
2007;22;1;25;247219;112221X2212221
2007;21;1;66;102542;X1111111112111
2007;20;1;2;5702257;X12121211221XX
2007;19;1;0;0;X122212121X121
2007;18;1;1;14206896;12X11222112X2X
2007;17;1;0;0;22122X1112X221
2007;16;1;0;0;221112X1112122
2007;15;1;5;2136216;2212111X1X2122
2007;14;1;0;0;21X1X2222X1121
2007;13;1;16;347582;1X2X1111XX1X2X
2007;12;1;3;2374328;12122221X2XX11
2007;11;1;56;214456;1X1X11111X211X
2007;10;1;0;0;12X11XXXXX21X1
2007;9;1;3;2069012;11121112X12111
2007;8;1;5;2806932;1X11112X22111X
2007;7;1;0;0;12122X21X11X22
2007;6;1;1;15438944;1X1X1112X21211
2007;5;1;0;0;22XX11221XX212
2007;4;1;12;1197618;X2121121221112
2007;3;1;0;0;2X211X1111XX1X
2007;2;1;2;6908635;12111X11X21X2X
2007;1;1;0;0;XXX211X21X121X
2006;52;1;0;0;111X11121X1212
2006;51;1;107;60591;1111X211X21221
2006;50;1;49;390031;X2X12112X11X21
2006;49;1;0;0;12XXX112122XX1
2006;48;1;0;0;XX1121211X12XX
2006;47;1;129;116878;1X211X11112XX2
2006;46;1;0;0;X122X12X1X211X
2006;45;1;2;3293450;2XX21XX2121112
2006;44;1;1;32503845;2XX1X11XX1X111
2006;43;1;0;0;121X2X12212X11
2006;42;1;0;0;21121XX1111XX1
2006;41;1;0;0;122X11X21X21X2
2006;40;1;0;0;2X11121XX11X11
2006;39;1;1;6868793;111XX112XX211X
2006;38;1;4;1021060;1XXX1X1XX112X1
2006;37;1;1;35212158;1121111X212212
2006;36;1;0;0;21XXXXX1121XX1
2006;35;1;0;0;22222X112XX1X1
2006;34;1;0;0;X22X12XX122121
2006;33;1;5;3381878;21XXX12X111112
2006;32;1;0;0;X111X2X11XX212
2006;31;1;0;0;21X112X111122X
2006;30;1;2;2420390;X1212212111111
2006;29;1;1;18376631;XXX12212X12211
2006;28;1;0;0;X111X21XX121X2
2006;27;1;0;0;X111XX121X2212
2006;26;1;0;0;X2X21X11111121
2006;25;1;1;7405739;1X12X111211121
2006;24;1;0;0;12XX11122XX1XX
2006;23;1;1;18077092;1X121X1XXXX222
2006;22;1;0;0;X211111112X112
2006;21;1;0;0;221X1XX11X212X
2006;20;1;4;1114835;21X111111X22X2
2006;19;1;5;2446825;12X2X11XX21112
2006;18;1;0;0;221XXX1X12X121
2006;17;1;11;978870;21X1X11111X2X2
2006;16;1;0;0;21211X2XX12XXX
2006;15;1;2;2974153;12XX1XX1XX1X22
2006;14;1;5;4188707;11221X1X12121X
2006;13;1;0;0;X21111X221XX11
2006;12;1;0;0;122XXX2X1X1111
2006;11;1;2;14912713;1112X1212122X1
2006;10;1;0;0;121XX11112121X
2006;9;1;0;0;2X221X1X12X11X
2006;8;1;8;809552;11122111221212
2006;7;1;7;1652897;2X211111XX1212
2006;6;1;0;0;12X211X1XX1222
2006;5;1;107;128936;11XX1XXX12111X
2006;4;1;0;0;1X1112222X21X2
2006;3;1;1;6876359;1X21X111X11221
2006;2;1;3;3573259;12112X1111XXX1
2006;1;1;0;0;2X22X1X2112X21
2005;52;1;1;4627759;X11111X12121X2
2005;51;1;4;2255812;211112XX122121
2005;50;1;2;4155754;121XX11XXXX2X2
2005;49;1;6;4222579;1X11XX12121X21
2005;48;1;0;0;X1222112X2112X
2005;47;1;0;0;X2X1221XXX122X
2005;46;1;0;0;222112XXX1211X
2005;45;1;2;2875239;211X122X2X12X2
2005;44;1;14;351919;1211111XX2X212
2005;43;1;9;570980;1111X2X11X111X
2005;42;1;74;172774;11X112XXX1212X
2005;41;1;0;0;112X1XX2221112
2005;40;1;127;113793;112112X1121222
2005;39;1;0;0;1X112X21X22211
2005;38;1;12;1893253;2XX2111X1121X2
2005;37;1;0;0;X2XX112X2X111X
2005;36;1;0;0;12X212X1X12121
2005;35;1;16;644366;1212XX1XX22111
2005;34;1;0;0;X1221X1X2X11X2
2005;33;1;5;862900;22X112111X1121
2005;32;1;1;6855568;22112XX2XXX122
2005;31;1;1;8206030;21X11X1X1X1122
2005;30;1;0;0;1X2221121XX2X2
2005;29;1;11;410027;111X11X2XX112X
2005;28;1;1;28507689;2X1X2XX122X112
2005;27;1;0;0;X2212122X2XX21
2005;26;1;0;0;22X2X111111122
2005;25;1;0;0;11122211X21XX1
2005;24;1;0;0;X221222221X111
2005;23;1;188;25246;21111111211112
2005;22;1;86;81693;2211X1X1XX2X11
2005;21;1;4;1475675;X1X1XXXX1X2X22
2005;20;1;7;1406235;1112222X1XXXX2
2005;19;1;0;0;1X1111X2X11XXX
2005;18;1;3;4413383;21211X2X22211X
2005;17;1;0;0;2121X211X11X12
2005;16;1;3;7847318;11211111X1X112
2005;15;1;0;0;122X2212221112
2005;14;1;0;0;X11212212122X2
2005;13;1;0;0;X212X21211XXX1
2005;12;1;74;99752;122121221XX111
2005;11;1;76;94269;11211121111112
2005;10;1;1;10007401;2X21X1112X1122
2005;9;1;1;7623373;121211X221112X
2005;8;1;36;177651;11121XXX12X112
2005;7;1;58;133164;1112X212X1X211
2005;6;1;215;200908;11X11111111112
2005;5;1;0;0;1X222XX1211XX1
2005;4;1;0;0;2X11112X112112
2005;3;1;0;0;212X12X21X1212
2005;2;1;0;0;21X1XXXX2111XX
2005;1;1;3;3097985;X2111211X1121X
2004;53;1;0;0;211X211X122212
2004;52;1;22;319814;X112X112121222
2004;51;1;23;677483;1X11121X1X2121
2004;50;1;0;0;X2X22XXX121XX2
2004;49;1;15;453337;X2211X11211112
2004;48;1;114;55638;1111222X12211X
2004;47;1;2;8473007;X2111X21112112
2004;46;1;0;0;X2111212X21X12
2004;45;1;0;0;111X1X1X1211XX
2004;44;1;1;6056019;212X1211112X11
2004;43;1;1;5420968;2112X211121XXX
2004;42;1;3;2001352;2121111121212X
2004;41;1;1;9859514;11211X22XXX1X1
2004;40;1;0;0;X122X21121XX2X
2004;39;1;1;27910016;12121111X12XX2
2004;38;1;0;0;12X1X1X21XX211
2004;37;1;0;0;112X11X112X212
2004;36;1;0;0;12XX2X2X1X2112
2004;35;1;0;0;11X12X1X2122X1
2004;34;1;24;1183580;2X11X2121121X1
2004;33;1;0;0;2XX12X21X21X21
2004;32;1;0;0;21222X2X21X1X1
2004;31;1;0;0;21X1X1111XXX1X
2004;30;1;0;0;1X122X121X112X
2004;29;1;8;420354;2XX1211211XXXX
2004;28;1;6;951244;12X1X111211112
2004;27;1;0;0;21111X2X122X2X
2004;26;1;2;4530240;222121X1111121
2004;25;1;0;0;X21112111X1X12
2004;24;1;1;7791455;21XX12X1XX21X1
2004;23;1;0;0;221211XXX12X1X
2004;22;1;2;1826296;2111X2X1121222
2004;21;1;23;421079;1111X111X11X12
2004;20;1;0;0;22211XX11212X1
2004;19;1;9;1077812;21111111111121
2004;18;1;0;0;X2212XX111112X
2004;17;1;12;396807;1211121X11X1XX
2004;16;1;5;988016;121X211X22111X
2004;15;1;446;12080;1121121211X122
2004;14;1;6;822695;XX1X2X121212X1
2004;13;1;1;17267105;X2212X1111X22X
2004;12;1;0;0;1XXX12XX2X121X
2004;11;1;0;0;X1X1121111XXX2
2004;10;1;6;824231;XXX2X1212X2X11
2004;9;1;1;14005753;1X1112X2112112
2004;8;1;0;0;112X1X12122X11
2004;7;1;1;11234567;1X21X2X12X2X21
2004;6;1;0;0;X1221X211212X1
2004;5;1;8;1941983;11X11111121X11
2004;4;1;0;0;11212X1112XXXX
2004;3;1;0;0;2X112XXX121212
2004;2;1;2;2218957;12212X1121221X
2004;1;1;1;3762554;11X11222X21X12
2003;52;1;1;11739646;121X12122112XX
2003;51;1;0;0;XX212221X2XXX1
2003;50;1;8;622702;11X22X11X221X1
2003;49;1;1;21987918;XXX12X11X21212
2003;48;1;0;0;1X2X1XX11121X2
2003;47;1;0;0;X1X1X221212212
2003;46;1;0;0;12X221XX112X12
2003;45;1;167;54765;X2X211211X1X21
2003;44;1;0;0;121X1111X2X222
2003;43;1;23;291032;1XX2X211121X2X
2003;42;1;2;2239079;122212X122XX11
2003;41;1;18;305979;2221111X12XX12
2003;40;1;6;739375;211111212111X2
2003;39;1;5;2793414;111X2X21X222XX
2003;38;1;0;0;22XX11121212XX
2003;37;1;0;0;121121X222122X
2003;36;1;7;650288;2X122X22X11112
2003;35;1;1;3826346;1X1111XX222X12
2003;34;1;1;6178312;11112X11X11112
2003;33;1;53;247563;11X212111111X2
2003;32;1;0;0;X1X21XX1XX2X2X
2003;31;1;0;0;2X22221X112211
2003;30;1;3;1006730;21X12X12112122
2003;29;1;1;3026804;22121X12122111
2003;28;1;1;3061202;X2X1111XXX2X11
2003;27;1;1;2997616;11X11X1221111X
2003;26;1;1;2941880;XX11X1XX2X1112
2003;25;1;1;9685586;XX12X111211222
2003;24;1;0;0;111X11X212X1X2
2003;23;1;2;2196196;1X1112X212X11X
2003;22;1;1;3664138;1X121X1211XXXX
2003;21;1;4;1265380;12122X12121111
2003;20;1;4;7309563;21X1XX11X12211
2003;19;1;0;0;212XXX111212X2
2003;18;1;0;0;2X1X1XX2XX222X
2003;17;1;0;0;121XX2X11XXXXX
2003;16;1;0;0;1112211121X212
2003;15;1;1;4838119;21X1111121X1XX
2003;14;1;1;9799002;21X22X1X1111XX
2003;13;1;0;0;X2X111X2111211
2003;12;1;1;4904852;XX211X11111111
2003;11;1;1;4331542;12221X12X11212
2003;10;1;4;5829331;11111X112XXX2X
2003;9;1;0;0;21XXX21X1XX111
2003;8;1;0;0;221XXX2211X111
2003;7;1;0;0;X1221121XX21XX
2003;6;1;2;2504909;121111X1XXXX1X
2003;5;1;2;5305601;XXX1111221XX12
2003;4;1;0;0;XX1222121XX111
2003;3;1;1;4940615;2121111111X1X2
2003;2;1;1;4532483;XX2X1X2XX12X12
2003;1;1;1;11558336;21X2X111111112
2002;52;1;0;0;1X1X2111112X2X
2002;51;1;2;11663039;22X1XX211111X2
2002;50;1;0;0;X1X2X2X12212X2
2002;49;1;0;0;11X2XX21X1111X
2002;48;1;0;0;211221222XX22X
2002;47;1;1;5156287;111X22XX1X1X11
2002;46;1;4;5722258;X1112X2X1X2112
2002;45;1;0;0;X111122112XX11
2002;44;1;0;0;12X121X1X22221
2002;43;1;0;0;X1112X2XX1111X
2002;42;1;145;95370;11221X1212X211
2002;41;1;0;0;X212222122XX1X
2002;40;1;105;86483;X1X21211111121
2002;39;1;0;0;11121112XX211X
2002;38;1;1;8778074;211111X1X22111
2002;37;1;0;0;2112122X2XX221
2002;36;1;2;6063120;2X22X12X122212
2002;35;1;0;0;11X1121X1X11X2
2002;34;1;0;0;1X2X12122111XX
2002;33;1;9;1284668;X111112X2X1112
2002;32;1;0;0;2211X2X1X11121
2002;31;1;0;0;1X1XX22121XX21
2002;30;1;1;3037903;1X1X11XX1X1X21
2002;29;1;6;985319;1122111X112X21
2002;28;1;0;0;21XX11X221X122
2002;27;1;58;217225;1221X111111111
2002;26;1;0;0;X11X221X1X1X22
2002;25;1;0;0;211121XX221221
2002;24;1;1;10316722;XXX1112112XX11
2002;23;1;0;0;1X12112X12X11X
2002;22;1;0;0;XX11X122122X21
2002;21;1;1;3784457;1121211X112121
2002;20;1;7;1272516;111XX11X1XX111
2002;19;1;0;0;112111X1X1X121
2002;18;1;11;4257170;11112121111222
2002;17;1;0;0;21X2X2X1211122
2002;16;1;0;0;X1X21XX1X1X21X
2002;15;1;0;0;2121X221X22111
2002;14;1;0;0;2X111X2XXXX122
2002;13;1;0;0;2X11X21121X12X
2002;12;1;0;0;1X1X2221111221
2002;11;1;2;2437909;112XX1222XX2X1
2002;10;1;8;1366253;XX1112111X1X12
2002;9;1;0;0;211X2X11X21X12
2002;8;1;1;31833810;1X21X1221X122X
2002;7;1;0;0;2121XXXXX2122X
2002;6;1;0;0;X1111112X1XX1X
2002;5;1;0;0;1212XX1X2XXX1X
2002;4;1;0;0;12111111211X12
2002;3;1;18;280404;21111XX11X11XX
2002;2;1;1;5673229;XXXX111211112X
2002;1;1;11;1998996;22121121XXXX22
2001;52;1;0;0;1X2X2122X21212
2001;51;1;0;0;2X2111222X1X12
2001;50;1;0;0;XXX111X211X111
2001;49;1;3;1597154;21222XX121122X
2001;48;1;3;6771515;XX12122122111X
2001;47;1;0;0;X12X12XX211221
2001;46;1;0;0;222211X2X121X1
2001;45;1;0;0;122X1X12XXX111
2001;44;1;11;1465811;X1X11111XX2X11
2001;43;1;0;0;2X1X222X1XX122
2001;42;1;0;0;X12211112X21X2
2001;41;1;3;1390782;1X121212X1XXX2
2001;40;1;3;2927875;1X112212X1XX2X
2001;39;1;0;0;12X11121121X21
2001;38;1;2;4220839;12X12211XX2121
2001;37;1;0;0;1X21XX22111X11
2001;36;1;1;20351926;2XX12XX2121XX2
2001;35;1;0;0;2221112212XXX1
2001;34;1;0;0;2X11X1X211XXXX
2001;33;1;0;0;21X212222XX222
2001;32;1;2;1890774;1X2X112X1XX2X1
2001;31;1;61;58779;1112121X121112
2001;30;1;1;3444703;2112111112XX21
2001;29;1;1;3290823;1XX12X2X1222X1
2001;28;1;2;4850359;1211XX21122111
2001;27;1;0;0;112X1X12X2X222
2001;26;1;0;0;1X11X211111112
2001;25;1;4;743068;12112211111XX2
2001;24;1;725;12793;21121121111211
2001;23;1;0;0;21122X1XX2X2XX
2001;22;1;36;125119;1XX22112X1XXX2
2001;21;1;13;328818;2X1111X121XX1X
2001;20;1;10;501566;X11X1X1212211X
2001;19;1;3;6242864;X2X211212XX211
2001;18;1;0;0;2111XX1X2111X1
2001;17;1;0;0;X11X121X12X11X
2001;16;1;8;618381;212X111111XX2X
2001;15;1;2;2619833;2221XX22111211
2001;14;1;11;2199469;21XXX111112X2X
2001;13;1;0;0;2211221XXX2XX1
2001;12;1;0;0;X2XX12X2XX11X2
2001;11;1;0;0;21XX2X21X2X2X1
2001;10;1;26;1637125;12X1X1X1111X1X
2001;9;1;0;0;121111221XX211
2001;8;1;0;0;X21X22XX111121
2001;7;1;0;0;1121X122X212X1
2001;6;1;0;0;112111X21X11X2
2001;5;1;0;0;12122122122221
2001;4;1;19;245998;11X121X2X21122
2001;3;1;1;15019299;2X11X12X2X1221
2001;2;1;0;0;X2211111X2122X
2001;1;1;0;0;1X2121211222XX
2000;52;1;1;8147319;X1212X1111XXXX
2000;51;1;0;0;112111XX12X112
2000;50;1;1;4356614;21XX21211222X2
2000;49;1;106;89775;1111X11X1X1121
2000;48;1;0;0;1X1211111XX21X
2000;47;1;1;4436234;21X12111121X11
2000;46;1;3;4546144;2X21X1X11X1X21
2000;45;1;0;0;1X2X1111X2XXXX
2000;44;1;11;1928029;1111X1XX22221X
2000;43;1;0;0;X21X1X211X111X
2000;42;1;0;0;1X11121X2X2211
2000;41;1;0;0;12X11X211X1X22
2000;40;1;6;665086;21X2XX2X222111
2000;39;1;1;7230157;1X2X21XX111X11
2000;38;1;0;0;XX2X2222XXX11X
2000;37;1;1;7227304;2111X121XX1211
2000;36;1;0;0;2211XXXX2X22X1
2000;35;1;1;7372953;X12212222X2X2X
2000;34;1;0;0;1XX1221XXXX221
2000;33;1;1;3257261;X1211X1122X111
2000;32;1;1;9720434;1211X1112X1112
2000;31;1;0;0;121X2XX11121XX
2000;30;1;0;0;2XXXX221XX1X12
2000;29;1;1;3085471;22112211X21X21
2000;28;1;6;990021;122X11XX1112XX
2000;27;1;0;0;X21X1211X1112X
2000;26;1;2;1289631;112X111X2X2212
2000;25;1;1;2568324;XX11221X1121XX
2000;24;1;1;2737191;122221X1XX1122
2000;23;1;4;895979;1211XXX12X2111
2000;22;1;18;195869;111X11X121122X
2000;21;1;346;23485;1121111111XX1X
2000;20;1;0;0;11X2X2X1121212
2000;19;1;3;1532546;2X121X211111X1
2000;18;1;2;2054949;2211XXX12XX112
2000;17;1;9;488424;12X21XX111X211
2000;16;1;39;250738;211X111122XXX2
2000;15;1;0;0;X11X2X1211XX22
2000;14;1;2;2494620;121221221X11X2
2000;13;1;1;17086097;211X2X211XX121
2000;12;1;0;0;121221X21X11X1
2000;11;1;0;0;X22112X1212112
2000;10;1;2;2736451;121XX11X1X2X12
2000;9;1;9;2023277;12111X12112X12
2000;8;1;0;0;X1121XXXXX1211
2000;7;1;0;0;X121XX2X121112
2000;6;1;1;5400138;XX21112XX1X1X2
2000;5;1;9;540653;12211111X21XXX
2000;4;1;4;5175187;211X12XX11XX11
2000;3;1;0;0;X211XX1X211122
2000;2;1;30;153410;1X1X2X111X2X12
2000;1;1;3;2693562;111XX22X1XX111
1999;52;1;0;0;112XX111XX221X
1999;51;1;4;3450052;211X121X1XX121
1999;50;1;0;0;11X1111XX112X2
1999;49;1;0;0;XX2211X111XX21
1999;48;1;13;706900;11X2XX11111121
1999;47;1;0;0;21X212X211222X
1999;46;1;4;7230177;X21X11X1111X21
1999;45;1;0;0;2X211XX212X1X2
1999;44;1;0;0;X1221X11X122X1
1999;43;1;0;0;XX21X1XXX22X1X
1999;42;1;0;0;XXX2121XX21X2X
1999;41;1;0;0;112X12X2221X11
1999;40;1;5;808653;X2221X1X11XX11
1999;39;1;9;1232784;2X1111X1X211X1
1999;38;1;0;0;X1XXX11X11222X
1999;37;1;5;808159;X2111212X11X21
1999;36;1;61;67048;12111XX21X111X
1999;35;1;238;16973;12X12112222112
1999;34;1;2;1995768;X1212XX11XXXX1
1999;33;1;2;1780244;1112121X121112
1999;32;1;1;13937871;X1XX1X112111X1
1999;31;1;0;0;211112X22221XX
1999;30;1;0;0;X2111212112112
1999;29;1;0;0;1222X122221X2X
1999;28;1;1;3223688;2X211122221212
1999;27;1;3;1042957;11X1211X12X1X1
1999;26;1;3;1033323;2221X122222222
1999;25;1;1;6371952;11X1111X22211X
1999;24;1;0;0;2211222X2112X1
1999;23;1;5;812564;11112X12X1112X
1999;22;1;1;4319577;X11211X222XXX2
1999;21;1;2;2435025;2111X211112222
1999;20;1;19;1663380;1212X1212XX212
1999;19;1;0;0;12X12X1122X11X
1999;18;1;0;0;X211211X122122
1999;17;1;0;0;121X11X2111122
1999;16;1;0;0;22X1122211122X
1999;15;1;0;0;112X11221XX2X1
1999;14;1;10;918773;11111111211X11
1999;13;1;0;0;2X2X1X221XX111
1999;12;1;2;2129421;1212X22X21XX1X
1999;11;1;1;10230448;2211X1212X1112
1999;10;1;0;0;11XX1111122X2X
1999;9;1;23;224481;2X11111111112X
1999;8;1;3;1637907;X1211XX12X211X
1999;7;1;954;5403;1211X1112111X2
1999;6;1;6;2496454;XX112121111X1X
1999;5;1;0;0;X1211X1XXX11X2
1999;4;1;0;0;1X1211112XX211
1999;3;1;2;2275746;2XX211111X1111
1999;2;1;6;1648883;1122X1111XX2X2
1999;1;1;0;0;X1X21X1122X1X1
1998;53;1;15;488991;2111111211212X
1998;52;1;0;0;11XX122211X212
1998;51;1;1;4585209;1X1XX2211XXX11
1998;50;1;69;133620;1X1X112X1X1111
1998;49;1;0;0;X221112221XXXX
1998;48;1;17;589324;211211111X11XX
1998;47;1;0;0;11X1211XX11XX1
1998;46;1;2;2436169;2X111122111121
1998;45;1;26;216082;111211X12XXXXX
1998;44;1;1;40264978;2X212X1111X111
1998;43;1;0;0;21111XXX211X12
1998;42;1;0;0;12X22X22X1X1X1
1998;41;1;0;0;1X211122222XX2
1998;40;1;0;0;1X2X2XX11XX12X
1998;39;1;0;0;X11X222XX212X1
1998;38;1;0;0;XX212X2X21XX21
1998;37;1;13;927276;2111X211X2X1X1
1998;36;1;0;0;22XXX211121211
1998;35;1;0;0;211X1X2X2X2222
1998;34;1;43;241298;1X1211112X1111
1998;33;1;0;0;X221211XX222X2
1998;32;1;0;0;211X11XX1121X1
1998;31;1;143;21576;22211112X11221
1998;30;1;2;1435474;222X211111X111
1998;29;1;13;219322;21111XX12211X2
1998;28;1;1;8820135;22X2211X221111
1998;27;1;0;0;11X21X211XX121
1998;26;1;0;0;1221XX2121X12X
1998;25;1;13;239640;X1X112221211X2
1998;24;1;220;17994;X122X11XX2X112
1998;23;1;1;3577003;X111X222111X1X
1998;22;1;1;25706480;2X21XX1122121X
1998;21;1;0;0;211111X222121X
1998;20;1;0;0;12X1X112X1222X
1998;19;1;0;0;XX112X121112XX
1998;18;1;0;0;2122X1121X1X21
1998;17;1;1;5054298;1X21X12X121212
1998;16;1;1;23932349;21XXX111221XXX
1998;15;1;0;0;X21211X2211XX1
1998;14;1;0;0;21121X1X2122X2
1998;13;1;0;0;X2211X11XX12X1
1998;12;1;1;10461707;X1XX1X1212XX12
1998;11;1;0;0;21XXX12X1X11X2
1998;10;1;1;10468576;1121XXX11X1XX1
1998;9;1;0;0;2X112XXX2211XX
1998;8;1;2;2527169;1X1X1112211X2X
1998;7;1;1;5466543;11X2212X1X1X22
1998;6;1;9;593967;11X1221211X111
1998;5;1;50;102994;1111X212X1X22X
1998;4;1;2;5527284;1X112111X11XX1
1998;3;1;0;0;X22222X1X111X1
1998;2;1;2;6889159;X2X1X212X21XX1
1998;1;1;0;0;X1XX2X221X1XX1
